,Seq,Time,ACCx,ACCy,ACCz,ADGx,ADGy,ADGz,Keydown
0,1,1565954377806,-0.7102,1.1723,2.1287,3.0304272,-7.681547,3.6612897000000006,-1
1,2,1565954377816,-0.73499995,1.2391,1.9320998999999999,6.400314,-7.412553999999999,0.3036997,-1
2,3,1565954377827,0.62509996,-0.5388,-0.0625,8.038609,-6.926971000000001,-0.8112226,-1
3,4,1565954377837,3.3135998,0.053299997,-0.4328,10.934702,-6.357429,-1.0111289,-1
4,5,1565954377848,3.1943998,-0.061699998,0.0315,10.616465,-6.436198,-0.73386115,-1
5,6,1565954377858,0.91969997,-0.9357,0.3849,7.440671400000001,-7.6916413,-1.170123,-1
6,7,1565954377868,-1.5158,-1.7773,-1.1219,5.975947,-7.923083999999999,-1.6085875,-1
7,8,1565954377879,-1.4196,-1.4211,0.1969,6.231111,-7.566185000000001,-0.37973952,-1
8,9,1565954377889,-1.0146998999999999,-1.1277,1.6208,6.678089,-7.2125516,0.9188276,-1
9,10,1565954377899,-0.94409996,-0.87939996,1.9934,6.639667,-6.9763017000000005,1.0362488,-1
10,11,1565954377909,-1.1205,-0.6649,1.6443,6.379044,-6.7060537,0.56760776,-1
11,12,1565954377920,-1.4099,-0.41279998,1.2933999,6.1180954000000005,-6.5151973,0.38073555,-1
12,13,1565954377930,-1.7887,-0.1734,1.2045,5.659950299999999,-6.3230867,0.43061155,-1
13,14,1565954377940,-2.1347,-0.0387,1.2942,5.378229599999999,-6.238944999999999,0.5477359,-1
14,15,1565954377950,-2.4561,0.1016,1.433,4.967528,-6.10351,0.70816654,-1
15,16,1565954377960,-2.6924999,0.2197,1.3844,4.776873,-6.035821,0.6781623999999999,-1
16,17,1565954377971,-2.7960000000000003,0.4418,1.1972,4.688536599999999,-5.8333864,0.48339888,-1
17,18,1565954377981,-2.7582998,0.61869997,0.9102,4.6990805,-5.7460074,0.29124984,-1
18,19,1565954377992,-2.7382,0.7967,0.82129997,4.602288,-5.5923667,0.32832167,-1
19,20,1565954378002,-2.8644,0.9249,1.0354,4.2849407,-5.6173816,0.8203876,-1
20,21,1565954378012,-3.2066998,0.8646,1.4570999,3.9398985,-5.74324,1.1212429,-1
21,22,1565954378023,-3.6373,0.7244,1.7909,3.3084517,-5.965277700000001,1.5272803999999998,-1
22,23,1565954378033,-4.1746,0.555,2.0635,2.8059182000000003,-6.140974,1.6598808999999997,-1
23,24,1565954378043,-4.7286,0.42700000000000005,2.1155,2.1544368,-6.2867713,1.6855755000000001,-1
24,25,1565954378053,-5.2296,0.3809,2.0140000000000002,1.5916749,-6.4767275,1.3596193,-1
25,26,1565954378064,-5.5776,0.26139998,1.6126,1.3948045,-6.546619000000001,0.9012446,-1
26,27,1565954378074,-5.6628,0.2861,1.169,1.4211597,-6.554634599999999,0.41548976,-1
27,28,1565954378084,-5.5136,0.3667,0.80579996,1.5314846000000002,-6.57217,0.22774605,-1
28,29,1565954378094,-5.3062997,0.40469998,0.64269996,1.6147742,-6.5538974,-0.03188119,-1
29,30,1565954378104,-5.1695,0.5261,0.4614,1.6074096000000002,-6.5818330000000005,-0.18205510000000003,-1
30,31,1565954378114,-5.0752997,0.47439998,0.3825,1.6040671999999998,-6.884546,-0.030425517000000003,-1
31,32,1565954378125,-4.9853997,0.30769998,0.6738,1.5768403,-7.0671854000000005,0.22733425,-1
32,33,1565954378135,-4.9788,0.1827,1.0438,1.2493902,-7.282836,0.46480075,-1
33,34,1565954378145,-5.2026,0.1294,1.1631,0.9482475,-7.3624196,0.45621035,-1
34,35,1565954378155,-5.4498,0.050699997999999996,1.0275999,0.7626873000000001,-7.8193574,-0.16302599,-1
35,36,1565954378165,-5.3356,-0.2679,0.3642,1.3754593000000002,-8.276449000000001,-1.120994,-1
36,37,1565954378175,-4.6415997,-0.5413,-0.4646,2.1790682999999995,-8.358369,-1.8689616999999998,-1
37,38,1565954378186,-3.4536998,-0.53459996,-1.4627,3.816099,-8.450660000000001,-3.1994004,-1
38,39,1565954378196,-1.8907,-0.48569998,-2.5625,5.1003585,-8.295630000000001,-3.7347343,-1
39,40,1565954378206,-0.1653,-0.15519999,-3.1801999,6.1211405,-8.057437,-4.1071860000000004,-1
40,41,1565954378216,1.0850999,0.2052,-3.4376,6.8881855,-7.8264537,-4.106123,-1
41,42,1565954378227,1.6944,0.4538,-3.3146,6.8260894,-7.9432144000000005,-3.9679102999999993,-1
42,43,1565954378237,1.5796,0.2857,-3.1745,6.148540000000001,-8.380539,-4.133158,-1
43,44,1565954378247,0.6942,-0.7686,-3.3944,5.5564537000000005,-9.253206,-4.242276,-1
44,45,1565954378257,0.98679996,-1.4252,-3.4548,5.8065906,-10.087021,-4.3288025999999995,-1
45,46,1565954378267,1.9930999,-1.7901,-3.4406,6.593421,-10.420198,-4.316496400000001,-1
46,47,1565954378278,3.5646,-1.7082,-3.5688,7.6453752999999995,-10.426547,-4.3689394,-1
47,48,1565954378288,5.1131997,-1.4591999,-3.9013,9.377111,-10.264508,-4.78327,-1
48,49,1565954378298,6.2654,-1.2055,-4.1717,10.454846,-10.079925,-5.079261,-1
49,50,1565954378308,6.7186,-1.2059,-4.2283998,10.682267,-10.15064,-5.098242,-1
50,51,1565954378318,6.7608,-1.5604999,-3.9613998,10.5491495,-10.642811,-4.7230034000000005,-1
51,52,1565954378328,6.7134,-1.8831999,-3.5562,10.429381,-10.932605,-4.36961,-1
52,53,1565954378339,6.829799700000001,-1.8695998999999999,-3.4155998,10.475791000000001,-10.945678,-4.185237,-1
53,54,1565954378349,6.9786997,-1.8245,-3.5983998999999995,10.518829,-10.952879,-4.323976,-1
54,55,1565954378359,7.1789,-1.7583,-3.4003,10.700636,-10.880009,-3.9646637000000005,-1
55,56,1565954378370,7.5383997,-1.6022999,-2.7552,11.097661,-10.6939125,-3.2014978,-1
56,57,1565954378380,7.8219,-1.4341999,-2.164,11.272753999999999,-10.545826,-2.7258563,-1
57,58,1565954378390,7.9598,-1.1661,-1.716,11.353371000000001,-10.352757,-2.3816368999999997,-1
58,59,1565954378400,7.9518,-0.935,-1.5015,11.349033,-10.091292,-2.1432126,-1
59,60,1565954378410,7.8465,-0.7708,-1.235,11.188824,-9.867500999999999,-1.7871279999999998,-1
60,61,1565954378421,7.5866,-0.5744,-0.7786,10.987633,-9.678435,-1.4211311000000002,-1
61,62,1565954378431,7.0785,-0.4369,-0.22549999,10.381632000000002,-9.510114999999999,-0.79926115,-1
62,63,1565954378441,6.4239999999999995,-0.37649998,0.3583,9.672038,-9.43099,-0.13117352,-1
63,64,1565954378451,5.6768,-0.33269998,0.89129996,9.152057000000001,-9.287224,0.20549911,-1
64,65,1565954378461,4.9407,-0.25439999,1.3705,8.48414,-9.178115,0.73545086,-1
65,66,1565954378472,4.3185997,-0.2574,1.9631,8.078832,-9.222254,1.1801691,-1
66,67,1565954378482,3.7833997999999998,-0.4292,2.1979,7.709243300000001,-9.353696000000001,1.3344513999999998,-1
67,68,1565954378492,3.5031998,-0.5239,2.4089,7.6264133,-9.387885,1.4885422,-1
68,69,1565954378502,3.2800998999999997,-0.69949996,2.6866,7.5305114,-9.491938000000001,1.8660120999999998,-1
69,70,1565954378512,3.082,-0.7909,3.1,7.379916000000001,-9.542377,2.5068537999999996,-1
70,71,1565954378522,2.7795,-0.9267,3.639,7.254823700000001,-9.579889999999999,2.6432848,-1
71,72,1565954378533,2.2855,-1.1163,3.9973,6.858161999999999,-9.66772,3.0367002,-1
72,73,1565954378543,1.944,-1.0652,4.1644,6.678702400000001,-9.289858,2.9313264,-1
73,74,1565954378553,1.6776999,-0.7145,3.8967,6.489416599999999,-8.752397,2.5692369999999998,-1
74,75,1565954378563,1.3591,-0.34939998,3.6095998,6.306088,-8.422563,2.338254,-1
75,76,1565954378573,1.0079,-0.0587,3.4339999999999997,6.0248647,-8.097277,2.4560772999999996,-1
76,77,1565954378584,0.5859,0.078999996,3.6065,5.736411599999999,-7.9360795,2.5805854999999998,-1
77,78,1565954378594,0.096499994,0.1839,3.7428,5.353339,-7.756112,2.5181737,-1
78,79,1565954378604,-0.37829998,0.20969999,3.6441998,4.9872084,-7.784852000000001,2.4829884,-1
79,80,1565954378614,-1.0023,-0.047,3.6137,4.282949400000001,-8.343286,2.3999572,-1
80,81,1565954378624,-1.7622,-0.7301,3.5721998,3.8604777,-8.9612,2.3451111,-1
81,82,1565954378634,-2.2711,-1.5609,3.6285,3.7744779999999998,-9.52469,2.5969906000000003,-1
82,83,1565954378644,-2.2911,-1.9582,3.8727,4.309697,-9.422236999999999,2.6451043999999997,-1
83,84,1565954378655,-1.8758999,-1.8945999,3.8888998,4.768435500000001,-9.067081,2.4636526,-1
84,85,1565954378665,-1.3773999,-1.5127,3.6304,5.0457706,-8.585972,2.148863,-1
85,86,1565954378675,-1.2939,-0.9361,3.2498999,4.918849,-7.9169836,1.6007537,-1
86,87,1565954378685,-1.5803,-0.46299999999999997,2.6806,4.288724,-7.3977770000000005,0.84726006,-1
87,88,1565954378695,-2.2164,-0.1334,2.0363,3.6516269999999995,-7.240698299999999,0.33761117,-1
88,89,1565954378706,-3.1383997999999997,-0.0328,1.3237,2.6758077,-7.1706057,-0.69120604,-1
89,90,1565954378716,-3.9959998,-0.0579,0.4736,2.2656236,-7.214199000000001,-1.1927530000000002,-1
90,91,1565954378726,-4.848,-0.27249998,-0.2101,1.9376273999999998,-7.2596793,-1.4138431999999999,-1
91,92,1565954378736,-4.848,-0.27249998,-0.2101,1.9796984,-7.273058,-1.1767023,-1
92,93,1565954378746,-4.5,-0.48229998,0.47529998,2.3177787999999997,-7.424027000000001,-0.83571047,-1
93,94,1565954378757,-4.5,-0.48229998,0.47529998,2.7372238999999996,-7.5361614,-0.9220358000000001,-1
94,95,1565954378767,-3.3112998,-0.4184,-0.018000000000000002,3.4996622000000004,-7.350314,-1.4145901,-1
95,96,1565954378777,-2.7298,-0.24049999,-0.6189,4.1674337,-7.137316,-2.090052,-1
96,97,1565954378787,-2.4141,-0.0678,-1.0502,4.4013279999999995,-7.008135,-2.4302007999999997,-1
97,98,1565954378797,-2.4729,0.107499994,-1.7890999,4.3914447,-6.829872,-2.9440637,-1
98,99,1565954378808,-2.4729,0.107499994,-1.7890999,4.132651,-6.635022599999999,-3.6923567999999998,-1
99,100,1565954378818,-2.8139,0.40559998,-2.9819999,4.0700283,-6.4354033,-4.326332,-1
100,101,1565954378828,-2.7034,0.6125,-3.4508997999999997,4.2174916,-6.261345400000001,-4.632541000000001,-1
101,102,1565954378838,-2.4092999,0.8226,-3.2031999,4.6410837,-5.998519,-4.1479349999999995,-1
102,103,1565954378848,-1.9416,0.8693,-2.4436,5.0100107000000005,-5.974433400000001,-3.5903735,-1
103,104,1565954378859,-1.4395,0.9288,-1.7497,5.6254067,-5.882371400000001,-2.7932386,-1
104,105,1565954378869,-1.092,0.93119997,-1.3082,5.997236,-5.924462,-2.2244813,-1
105,106,1565954378879,-0.8315,0.83769995,-0.7829,6.1615257,-5.9974656,-1.8812773999999997,-1
106,107,1565954378889,-0.6583,0.79569995,-0.7079,6.311192500000001,-6.0153456,-1.871739,-1
107,108,1565954378899,-0.631,0.8055,-1.0056,6.3384385000000005,-6.0148954,-2.2346044,-1
108,109,1565954378909,-0.6799,0.7601,-1.4086,6.277089,-6.0652504,-2.6032537999999996,-1
109,110,1565954378920,-0.6767,0.6889,-1.5214,6.32731,-6.198416,-2.6220434,-1
110,111,1565954378930,-0.5028,0.5236,-1.5264,6.572093499999999,-6.3283153,-2.5619874,-1
111,112,1565954378940,-0.16759999,0.5383,-1.3386999,6.8589473,-6.317369,-2.353031,-1
112,113,1565954378950,0.1513,0.56439996,-0.9834,7.181006,-6.344998400000001,-1.8894465,-1
113,114,1565954378960,0.3525,0.4617,-0.64959997,7.305743700000001,-6.493208999999999,-1.6412349,-1
114,115,1565954378971,0.47289997,0.1893,-0.3227,7.4272732999999995,-6.765784299999999,-1.28515,-1
115,116,1565954378981,0.57049996,0.12,-0.1547,7.4424815,-6.806102799999999,-1.212596,-1
116,117,1565954378991,0.55579996,0.1157,-0.119799994,7.447126,-6.801352499999999,-1.1731397,-1
117,118,1565954379001,0.4973,0.1274,-0.119899996,7.2596693,-6.788844999999999,-1.2290968999999998,d
118,119,1565954379012,0.26819998,0.1357,-0.2706,7.023841,-6.780197,-1.3842987,-1
119,120,1565954379022,-0.0404,0.064399995,-0.42200000000000004,6.713121000000001,-6.8987007,-1.4907545,-1
120,121,1565954379032,-0.2593,-0.0154,-0.5319,6.645882,-6.9548397,-1.5180197,-1
121,122,1565954379042,-0.25849998,-0.0625,-0.4612,6.710152000000001,-7.020699499999999,-1.3992098999999998,-1
122,123,1565954379052,-0.1348,-0.1052,-0.3752,6.827210000000001,-7.043483,-1.2959623,-1
123,124,1565954379062,0.061699998,-0.1248,-0.2156,7.121457,-7.0633740000000005,-1.0754945,-1
124,125,1565954379073,0.34849998,-0.13319999,0.0064,7.317207000000001,-7.059524000000001,-0.9403179,-1
125,126,1565954379083,0.5466,-0.0442,0.0734,7.4785957,-6.9489117,-0.9446849,-1
126,127,1565954379093,0.6139,0.0219,0.109299995,7.4391007,-6.908115,-0.87897843,-1
127,128,1565954379104,0.5288,0.044299997,0.1507,7.2594113,-6.9310417,-0.88900536,-1
128,129,1565954379114,0.2512,-0.0264,0.1353,6.9514309999999995,-7.048846000000001,-0.85265183,-1
129,130,1565954379124,0.040599998,-0.098799996,0.1195,6.834574000000001,-7.0614777,-0.9011104999999999,-1
130,131,1565954379134,-0.053999998,-0.0744,0.0708,6.8702383000000005,-6.935466,-0.97436345,-1
131,132,1565954379144,0.028999999999999998,0.039499998,0.031799997999999996,6.9010468,-6.760622,-0.97466993,-1
132,133,1565954379154,0.074099995,0.2624,-0.0256,7.0122337,-6.550057,-1.1119629999999998,-1
133,134,1565954379165,0.1393,0.4168,-0.15969999,6.9930224,-6.456233,-1.1072034,-1
134,135,1565954379175,0.076699995,0.49199998,-0.10439999400000001,6.872192,-6.471307299999999,-0.9780601000000001,-1
135,136,1565954379185,-0.0449,0.45839998,0.0145,6.789228,-6.473433,-0.8069513,-1
136,137,1565954379195,-0.1757,0.3956,0.264,6.6368035999999995,-6.6904435,-0.54424995,-1
137,138,1565954379205,-0.25599998,0.1775,0.49359998,6.6527395,-6.843116800000001,-0.33242053,-1
138,139,1565954379216,-0.19669999,0.0993,0.7008,6.7785497,-6.8451667,-0.36977968,-1
139,140,1565954379226,-0.0769,0.0924,0.56769997,6.918123,-6.7709839999999994,-0.5723387,-1
140,141,1565954379236,0.0423,0.17459999,0.2681,6.96365,-6.7190012999999995,-1.04595,-1
141,142,1565954379246,-0.057299998,0.23789999,-0.33589998,6.834822999999999,-6.703727000000001,-1.260413,-1
142,143,1565954379256,-0.057299998,0.23789999,-0.33589998,6.727534299999999,-6.6887007,-1.2217227,-1
143,144,1565954379267,-0.1683,0.24759999,-0.2518,6.7313557,-6.686574,-1.1460085,-1
144,145,1565954379277,-0.1683,0.24759999,-0.2518,6.763236999999999,-6.628127,-1.128483,-1
145,146,1565954379287,-0.0082,0.3286,-0.0991,6.876894,-6.612986599999999,-1.0040324,-1
146,147,1565954379297,0.0731,0.34059998,-0.0145,6.984068400000001,-6.6140394,-0.91579175,-1
147,148,1565954379307,0.0955,0.3624,0.0969,6.988942999999999,-6.582628,-0.8095083000000001,-1
148,149,1565954379317,0.0387,0.30539998,0.2652,6.924031299999999,-6.6498666,-0.6197343000000001,-1
149,150,1565954379328,0.011000000000000001,0.268,0.28399998,6.8874865000000005,-6.675828999999999,-0.6241684000000001,-1
150,151,1565954379338,0.0622,0.2607,0.12459999,6.979442999999999,-6.678147,-0.76641273,-1
151,152,1565954379348,0.1827,0.2541,0.0814,7.060252,-6.703142,-0.827982,-1
152,153,1565954379358,0.2837,0.20879999,0.016099999,7.194882400000001,-6.744323,-0.893066,-1
153,154,1565954379368,0.3545,0.0652,-0.16139999,7.223009599999999,-6.887314,-1.0497808000000002,d
154,155,1565954379378,0.37539998,0.0093,-0.3507,7.2477465,-6.952685000000001,-1.2603365,-1
155,156,1565954379389,0.3561,0.030499997999999997,-0.2826,7.229809299999999,-6.9245963,-1.1462288999999999,-1
156,157,1565954379399,0.2377,-0.0185,-0.062099997000000004,7.089633500000001,-6.9769144,-0.8683099,-1
157,158,1565954379409,0.0596,-0.0691,0.0752,6.9291644,-7.033561,-0.7813908,-1
158,159,1565954379419,-0.13859999,-0.1011,0.16659999,6.702577000000001,-7.0501485,-0.68190694,-1
159,160,1565954379430,-0.31739998,-0.055,0.39819998,6.5185304,-6.951632000000001,-0.37204940000000003,-1
160,161,1565954379440,-0.44689998,0.089099996,0.5918,6.397632,-6.834076400000001,-0.25083572,-1
161,162,1565954379451,-0.645,0.1257,0.6167,6.1146092,-6.7906165,-0.28847256,-1
162,163,1565954379461,-0.9011,0.1634,0.59099996,5.946008999999999,-6.756916,-0.29427612,-1
163,164,1565954379471,-1.0279,0.2518,0.5847,5.819107499999999,-6.648707400000001,-0.31358296,-1
164,165,1565954379481,-1.133,0.38149998,0.5793,5.7055644999999995,-6.4894643,-0.38914397,-1
165,166,1565954379492,-1.2171999,0.532,0.4962,5.566576,-6.360264,-0.3416047,-1
166,167,1565954379502,-1.4571999,0.6637,0.6699,5.2302294,-6.2831225,-0.12831005,-1
167,168,1565954379512,-1.814,0.6486,0.87689996,4.849273,-6.3369823,0.04124731,-1
168,169,1565954379522,-2.2965,0.6056,1.0169,4.470098999999999,-6.370195,0.15164874,-1
169,170,1565954379532,-2.8251998,0.5262,1.245,3.806053,-6.471719,0.41384256,-1
170,171,1565954379542,-3.3601,0.4603,1.6086999,3.2082207,-6.5599694,0.8890915999999999,-1
171,172,1565954379553,-3.7923,0.4385,1.9886999,2.8175445,-6.560017,1.125246,-1
172,173,1565954379563,-4.2685,0.43179998,2.1297,2.2856677000000003,-6.592511,1.1520036,-1
173,174,1565954379573,-4.6793,0.51949996,2.0147998,1.7487631999999997,-6.515504,0.85826385,-1
174,175,1565954379583,-5.0629,0.5846,1.7544999,1.4519971999999999,-6.4856725,0.5803256999999999,-1
175,176,1565954379593,-5.339699700000001,0.60789996,1.4296,1.196009,-6.603371000000001,0.25570074,-1
176,177,1565954379603,-5.4108,0.5893,1.2206,1.2606621,-6.629975999999999,0.104013704,-1
177,178,1565954379613,-5.2276998,0.6647,1.0421,1.4270973999999998,-6.5655427,-0.0068282633999999995,-1
178,179,1565954379623,-4.9192,0.7837,0.99189997,1.6721488000000002,-6.5149292999999995,-0.11533348,-1
179,180,1565954379633,-4.6935,0.8559,0.93869996,1.6244180000000001,-6.602902,-0.47035527,-1
180,181,1565954379644,-4.7384,0.7924,0.6416,1.4677893,-6.8379164,-0.7661254,-1
181,182,1565954379654,-4.807699700000001,0.5354,0.2252,1.4283903,-7.3506303,-1.639262,-1
182,183,1565954379664,-4.6438,0.12629999,-0.5074,1.8286912,-7.673886,-2.195071,-1
183,184,1565954379674,-3.9596998999999995,-0.1883,-1.1528,2.6126776,-8.088447,-2.8857505,-1
184,185,1565954379684,-3.1582,-0.42909998,-1.6437,3.234375,-8.352267999999999,-3.16411,-1
185,186,1565954379695,-2.2537,-0.63879997,-1.9333999,4.1852565,-8.627669000000001,-3.619985,-1
186,187,1565954379705,-1.3384,-0.8003,-2.3875,4.685347,-8.801028,-4.0984235,-1
187,188,1565954379715,-0.6303,-0.905,-2.8409998,5.3348947,-8.991108,-4.6036095999999995,-1
188,189,1565954379726,0.0275,-0.96279997,-3.3314998,6.2201166,-9.201071,-4.995492,-1
189,190,1565954379736,0.8987,-1.0626999,-3.5839999,6.927249000000001,-9.175749,-5.039354,-1
190,191,1565954379746,1.8852999,-0.9892,-3.5953998999999994,7.768906599999999,-9.347413000000001,-4.6493,-1
191,192,1565954379756,3.2447999,-1.3797,-3.1109998,8.155408,-9.6529045,-4.4983892,-1
192,193,1565954379766,3.5716998999999996,-1.6743,-3.2468,8.438718,-10.087489999999999,-4.6166434,-1
193,194,1565954379777,3.8339,-2.1931998999999998,-3.3011,8.563944000000001,-10.59234,-4.6496162000000005,-1
194,195,1565954379787,4.3849,-2.4362,-3.2940998,9.028871,-10.988476,-4.611079,-1
195,196,1565954379797,5.1233997,-2.4145,-3.5730998999999994,9.509577,-11.026812,-4.7846785,-1
196,197,1565954379807,5.1233997,-2.4145,-3.5730998999999994,10.187596000000001,-11.072158,-5.221773000000001,-1
197,198,1565954379817,6.2393,-2.2266,-4.3940997,10.496688,-11.005302,-5.517773,-1
198,199,1565954379827,6.5018997,-2.0205998,-4.423,10.713966000000001,-10.828859,-5.5229349999999995,-1
199,200,1565954379837,6.5018997,-2.0205998,-4.423,10.718046000000001,-10.654100999999999,-5.308951,-1
200,201,1565954379847,6.6561,-1.4704,-3.7961,10.7588625,-10.334246,-4.806647,-1
201,202,1565954379857,6.5388,-1.1740000000000002,-3.2229997999999997,10.533109,-10.002131,-4.0356855000000005,-1
202,203,1565954379867,6.1601,-1.0533999,-2.4791,10.241475999999999,-9.931886,-3.4568632000000004,-1
203,204,1565954379877,5.73,-1.0964,-1.8915999,9.710939,-10.018547,-2.7413514,-1
204,205,1565954379888,5.371,-1.2415,-1.3762,9.472064999999999,-10.110091,-2.3470552000000002,-1
205,206,1565954379898,5.1459,-1.1337,-1.0238,9.266537,-9.959916999999999,-1.9103335,-1
206,207,1565954379908,5.1038,-0.96889997,-0.6989,9.243945,-9.82,-1.6979389999999999,-1
207,208,1565954379918,5.1436996,-0.8759999999999999,-0.3329,9.332282000000001,-9.689708,-1.2535465000000001,-1
208,209,1565954379928,5.292000000000001,-0.7879,0.2511,9.5750065,-9.508638000000001,-0.59075487,-1
209,210,1565954379938,5.4372,-0.5104,0.7291,9.733829,-9.2422695,-0.24417984,-1
210,211,1565954379949,5.3409,-0.2608,1.0503,9.669376,-9.017665,-0.0020494366,-1
211,212,1565954379959,4.606,-0.3457,1.0655,8.84578,-9.063787,0.020551826999999998,-1
212,213,1565954379969,3.5514,-0.7144,1.0699999,8.068996,-9.359941000000001,-0.023185449,-1
213,214,1565954379979,2.5585,-0.9813,1.2559,7.060395699999999,-9.59688,0.24198675,-1
214,215,1565954379989,1.93,-1.1718998999999999,1.7844,6.667957,-9.692179,0.6636248,-1
215,216,1565954380000,1.7493999,-1.3422999,2.6157,6.627294,-9.788847,1.6041629,-1
216,217,1565954380010,1.9383999,-1.2365,3.2540998,7.024367999999999,-9.599112,2.213813,-1
217,218,1565954380020,2.227,-1.0619999,3.6515,7.307295,-9.316375,2.454957,-1
218,219,1565954380030,2.2939,-0.75369996,3.7717,7.371650999999999,-8.9074745,2.6417238999999997,-1
219,220,1565954380040,1.8987,-0.5401,3.8678,7.030477499999999,-8.726042,2.5658755,-1
220,221,1565954380050,1.1194998999999999,-0.5791,3.4101998999999994,6.1794724,-8.738118,1.8463221999999997,-1
221,222,1565954380061,0.3339,-0.5843,2.766,5.6828199999999995,-8.605785000000001,1.4786494,-1
222,223,1565954380071,-0.2844,-0.504,2.6325998,5.2279596,-8.319994,1.4349025,-1
223,224,1565954380081,-0.5645,-0.27699998,2.7403,5.122021,-7.907089999999999,1.9034668999999997,-1
224,225,1565954380091,-0.76,-0.0005999999700000001,3.3265998,5.0633345,-7.702203999999999,2.3466527000000004,-1
225,226,1565954380101,-0.96019995,0.0997,3.6924998999999996,4.8885,-7.467131599999999,2.526237,-1
226,227,1565954380111,-1.3132,0.1515,3.7456,4.625769999999999,-7.4357679999999995,2.5497482000000002,-1
227,228,1565954380122,-1.8475,0.0088,3.5927,4.0560555,-7.700384599999999,2.1014197,-1
228,229,1565954380132,-2.4434,-0.4339,3.0554,3.6591926,-8.043799,1.629283,-1
229,230,1565954380142,-2.8509,-0.8490000000000001,2.852,3.4768692999999997,-8.317313,1.7967526000000003,-1
230,231,1565954380152,-2.9187,-0.988,3.2043,3.5713443999999996,-8.320971499999999,2.059933,-1
231,232,1565954380162,-2.7851999,-1.0758,3.3622,3.8964198,-8.382416000000001,2.0701897000000002,-1
232,233,1565954380172,-2.4057999,-1.1144999,3.2684,4.3028593,-8.248244999999999,1.8822352999999998,-1
233,234,1565954380183,-2.0221999,-0.91279995,2.6555,4.707987,-7.8859067,0.7869837,-1
234,235,1565954380193,-1.7978,-0.5448,1.4714999,4.837724,-7.4476433,-0.55711156,-1
235,236,1565954380203,-1.8635,-0.2501,0.48659998,4.5066442,-7.2797427,-1.3077511999999998,-1
236,237,1565954380213,-2.3858,-0.1379,-0.3096,3.8791048999999997,-7.1234107,-1.7529674,-1
237,238,1565954380223,-2.9586,-0.0689,-0.5762,3.5158758000000003,-6.974415,-1.7341491000000002,-1
238,239,1565954380234,-3.4197998,0.0788,-0.5333,3.094477,-6.7888546000000005,-1.7772734000000001,-1
239,240,1565954380244,-3.7842998999999997,0.18329999,-0.58709997,2.9713957000000004,-6.821416,-1.7684339,-1
240,241,1565954380254,-3.9424,0.012,-0.5169,3.0270943999999997,-7.030276299999999,-1.6188443000000001,-1
241,242,1565954380264,-3.8049998,-0.1785,-0.3646,3.3813214,-7.080277000000001,-1.7085407,-1
242,243,1565954380274,-3.3148,-0.21229999,-0.5675,4.0350246,-6.984259599999999,-2.2344415,-1
243,244,1565954380284,-2.7704,-0.092099994,-1.0443,4.450668,-6.867939999999999,-2.5530427,-1
244,245,1565954380295,-2.3046,0.0691,-1.3853999,4.8477893,-6.635117999999999,-2.8656582999999998,-1
245,246,1565954380305,-2.0189,0.24859999,-1.6593,5.005758999999999,-6.5288153,-3.1678162,-1
246,247,1565954380315,-1.8844,0.4062,-2.0024,5.073486,-6.293341000000001,-3.5141709999999997,-1
247,248,1565954380325,-1.8603,0.54249996,-2.3414,5.064311,-6.095196700000001,-3.6525846,-1
248,249,1565954380336,-1.9061999,0.71669996,-2.4462,5.108268700000001,-6.033398,-3.5238245000000004,-1
249,250,1565954380346,-1.6514,0.8592,-1.8635,5.349489,-5.93242,-3.041613,-1
250,251,1565954380356,-1.6514,0.8592,-1.8635,5.5372330000000005,-5.8251023,-2.61805,-1
251,252,1565954380366,-1.2822,1.0235,-1.0584999,5.7348313,-5.7573943,-2.2267417999999997,-1
252,253,1565954380376,-1.2822,1.0235,-1.0584999,5.7115116,-5.8948599999999995,-2.1726327000000003,-1
253,254,1565954380387,-1.275,0.61219996,-0.72319996,5.7224580000000005,-6.177519,-1.8753495,-1
254,255,1565954380397,-0.94759995,0.4323,-0.6477,5.961993,-6.3633766,-1.7651396000000001,-1
255,256,1565954380407,-0.50699997,0.2677,-0.66249996,6.457555,-6.5694213,-1.7868214,-1
256,257,1565954380417,-0.1127,0.19399999,-0.5589999999999999,6.8896413,-6.683788000000001,-1.6891188999999998,-1
257,258,1565954380427,0.1628,0.1487,-0.6041,7.091117999999999,-6.7300534,-1.7005057000000001,-1
258,259,1565954380438,0.3559,0.0793,-0.4615,7.313549000000001,-6.823570699999999,-1.4975061,-1
259,260,1565954380448,0.4655,0.082899995,-0.2871,7.3599676999999994,-6.82676,-1.3575315000000001,-1
260,261,1565954380458,0.4328,0.1305,-0.2504,7.317676,-6.7783869999999995,-1.3158916,-1
261,262,1565954380469,0.3372,0.10529999400000001,-0.3308,7.14923,-6.8174224,-1.4334948,d
262,263,1565954380479,0.1806,0.0676,-0.4671,7.019646000000001,-6.899275299999999,-1.4982243999999998,-1
263,264,1565954380489,0.0044,-0.0492,-0.44,6.890378500000001,-6.973754,-1.4670806,-1
264,265,1565954380499,-0.091,-0.15529999,-0.24839999,6.7707453,-7.116276299999999,-1.2109777,-1
265,266,1565954380509,-0.084,-0.2288,0.0881,6.8030095,-7.1770988,-0.83878464,-1
266,267,1565954380519,0.0016999998999999999,-0.2329,0.3636,6.896928999999999,-7.183869400000001,-0.6517879,-1
267,268,1565954380530,0.1301,-0.23349999,0.50049996,7.07863,-7.197851700000001,-0.6126188,-1
268,269,1565954380540,0.30719998,-0.2137,0.188,7.204057000000001,-7.151853999999999,-0.9922051,-1
269,270,1565954380550,0.5219,-0.0471,-0.2302,7.403187299999999,-6.945838,-1.3376597,-1
270,271,1565954380560,0.6257,0.0579,-0.35729998,7.470186999999999,-6.887237,-1.4227591999999998,-1
271,272,1565954380571,0.6275,0.119899996,-0.4064,7.359757000000001,-6.878464699999999,-1.4455328,-1
272,273,1565954380581,0.3705,0.07,-0.3256,7.1228074999999995,-6.880801700000001,-1.2094454,-1
273,274,1565954380591,0.1898,0.115399994,-0.103599995,6.953212,-6.8234076,-1.0956633,-1
274,275,1565954380601,0.0674,0.19929999,0.051799998,6.857741000000001,-6.722506500000001,-0.93248415,-1
275,276,1565954380612,-0.054399997,0.1758,0.0401,6.7327538,-6.844946,-1.005469,-1
276,277,1565954380621,-0.2048,0.0458,0.0257,6.652002,-6.930917,-0.99076855,-1
277,278,1565954380631,-0.1269,0.036199998,0.069,6.7792587,-6.9152684,-0.99505895,-1
278,279,1565954380641,0.1004,0.1665,0.053,7.0511637,-6.731911,-0.9023555,-1
279,280,1565954380651,0.2007,0.2678,0.1339,7.0411649999999995,-6.6908455,-0.8329619,-1
280,281,1565954380662,0.0738,0.24,0.1848,6.802328999999999,-6.723876,-0.811213,-1
281,282,1565954380671,-0.1433,0.2105,0.1859,6.603735,-6.7713194,-0.83856434,-1
282,283,1565954380681,-0.3904,0.1118,0.0389,6.37982,-6.8999934000000005,-1.1181784,-1
283,284,1565954380691,-0.45,0.0832,-0.1683,6.44996,-6.866858000000001,-1.1387016,-1
284,285,1565954380701,-0.2924,0.1442,-0.1008,6.723857000000001,-6.7230144,-0.98469687,-1
285,286,1565954380711,-0.0652,0.2843,0.0278,6.8436437,-6.6575375,-0.96329266,-1
286,287,1565954380721,-0.0148,0.38459998,0.051,6.756590400000001,-6.628797500000001,-0.89492387,-1
287,288,1565954380732,-0.1514,0.34649998,-0.0016999998999999999,6.645327,-6.600287400000001,-0.9417928,-1
288,289,1565954380742,-0.2688,0.3764,0.0652,6.495843,-6.5580826,-0.8275606,-1
289,290,1565954380752,-0.41489998,0.3773,0.1742,6.3381896,-6.6346490000000005,-0.6991069000000001,-1
290,291,1565954380762,-0.569,0.29119998,0.3743,6.267809400000001,-6.700019999999999,-0.546194,-1
291,292,1565954380772,-0.57379997,0.2268,0.39859998,6.295764,-6.756868400000001,-0.5953039000000001,-1
292,293,1565954380782,-0.5075,0.1161,0.2447,6.4036565,-6.970028999999999,-0.77828795,d
293,294,1565954380793,-0.2914,-0.0506,0.0699,6.822249,-7.135659700000001,-0.8277234,-1
294,295,1565954380803,0.07369999599999999,-0.1468,0.1594,7.1034619999999995,-7.235823,-0.7343879,-1
295,296,1565954380813,0.47399998,-0.2865,0.1982,7.504894,-7.520082,-0.9979894,-1
296,297,1565954380823,0.75519997,-0.5543,-0.1085,7.748622999999999,-7.7849674,-1.3048016000000002,-1
297,298,1565954380833,1.0777999,-0.82949996,-0.5359,8.191857,-8.059467,-1.8706759999999998,-1
298,299,1565954380843,1.4855,-1.0491999,-1.0393,8.603572999999999,-8.170855,-2.3483287999999995,-1
299,300,1565954380853,2.0456,-1.1266999,-1.5581,9.250534,-8.178009,-2.7676492,-1
300,301,1565954380863,2.5989999999999998,-1.143,-1.8729999,9.731864999999999,-8.165262,-2.8897536,-1
301,302,1565954380873,3.1337,-1.1495,-1.885,10.151463,-8.140257,-2.6344168,-1
302,303,1565954380883,3.365,-1.1367999,-1.6043999,10.205160000000001,-8.135411,-2.5425656,-1
303,304,1565954380893,3.3427,-1.1326,-1.5495,10.066106,-8.0345,-2.6815536,-1
304,305,1565954380904,3.1564,-1.1151999,-1.6687,9.981177,-8.020135,-2.9356265,-1
305,306,1565954380914,3.0342999,-1.0715,-1.9957999,10.018527,-7.756255599999999,-3.3495934000000003,-1
306,307,1565954380924,3.0586,-0.88989997,-2.3549,10.142126,-7.5931625,-3.510618,-1
307,308,1565954380934,3.1924,-0.7058,-2.6067,10.387042999999998,-7.345727,-4.181253,-1
308,309,1565954380944,3.3762999,-0.539,-3.35,10.569778,-7.148981,-4.6067696,-1
309,310,1565954380954,3.5298,-0.3241,-3.7361998999999995,10.639861,-6.871828,-4.598418700000001,-1
310,311,1565954380965,3.4736,-0.1636,-3.6174998,10.509349,-6.754445,-4.3495555,-1
311,312,1565954380975,3.1655998,-0.0609,-3.2958,10.024253999999999,-6.6306460000000005,-3.8081312000000005,-1
312,313,1565954380985,2.6734,-0.0667,-2.7914,9.327992,-6.471824,-2.8229265,-1
313,314,1565954380995,2.008,0.0063,-1.9372,8.746066,-6.335718,-1.9383552,-1
314,315,1565954381005,1.2207999,0.09219999599999999,-0.8645,8.252756,-6.200034,-1.2568601000000001,-1
315,316,1565954381016,0.48139998,0.2835,-0.0622,7.4546633,-5.709376,-0.6166602,-1
316,317,1565954381026,-0.18879999,0.6124,0.30609998,6.874672400000001,-5.038262400000001,-0.29251397,-1
317,318,1565954381036,-1.1597998999999999,1.5505999,0.5907,6.582752,-4.6167107000000005,-0.17981412,-1
318,319,1565954381046,-1.6068,1.9149,0.8595,6.138455400000001,-4.07836,0.16018167,-1
319,320,1565954381056,-2.1385,2.1046999,1.3884,5.7812023,-3.8377712,0.59256494,-1
320,321,1565954381067,-2.6956,2.0911,2.0245,5.1637855,-3.7572017,1.392506,-1
321,322,1565954381077,-3.2680000000000002,1.9828999,2.4817998,4.4822426,-3.8616080000000004,1.9419465,-1
322,323,1565954381087,-3.9922,1.5855,2.7294,3.9695098,-4.132957,2.136806,-1
323,324,1565954381098,-4.6412,1.0483999,3.1718,3.2191095,-4.7111278,2.7212877,-1
324,325,1565954381108,-5.1345997,0.5409,3.6745,2.9113111000000003,-5.0747113,3.0930212000000004,-1
325,326,1565954381118,-5.295099700000001,0.2121,4.0390997,2.758379,-5.447718599999999,3.5719287000000004,-1
326,327,1565954381128,-5.4948,-0.21149999,4.3722997,2.5763335,-5.7670765,3.7583315,-1
327,328,1565954381138,-5.7739997,-0.7798,4.4245,2.257263,-6.4195538,3.7494921999999997,-1
328,329,1565954381148,-5.8603,-1.2499,4.2373,2.218362,-6.7944759999999995,3.5795517,-1
329,330,1565954381158,-5.7362,-1.4291999,4.2759,2.3609414,-6.980275999999999,3.640077,-1
330,331,1565954381168,-5.5505,-1.2522,4.4768,2.515176,-6.815286599999999,3.7767288999999997,-1
331,332,1565954381178,-5.3936,-0.92819995,4.5474,2.6654935,-6.4286327000000005,3.7902513,-1
332,333,1565954381189,-5.4621997,-0.5273,4.4207,2.5849621,-6.1039405,3.6449137,-1
333,334,1565954381199,-5.7662997,-0.16749999,4.0977,2.1774595000000003,-5.723435,3.179318,-1
334,335,1565954381209,-6.1847997,0.0755,3.7561,1.8316505,-5.521374,2.863331,-1
335,336,1565954381219,-6.4171,0.1538,3.4659998,1.5512321000000002,-5.406931,2.4669855,-1
336,337,1565954381229,-6.5013,0.2427,3.2574,1.4572836,-5.3920965,2.1495812,-1
337,338,1565954381240,-6.4179997,0.23629999,2.9864,1.5776161,-5.435671,1.7750994999999998,-1
338,339,1565954381250,-6.0783,0.19409999,2.4733999,1.909261,-5.5990033,1.0583042,-1
339,340,1565954381260,-5.7869997,0.0464,2.0103,2.0942752000000002,-5.772334,0.6490968,-1
340,341,1565954381270,-5.5253,-0.14989999,1.7050999,2.2937026,-6.0496300000000005,0.26114994,-1
341,342,1565954381280,-5.3540998,-0.289,1.6897,2.3847303,-6.432042,0.17194198,-1
342,343,1565954381291,-5.2247996,-0.5471,1.6349,2.3786490000000002,-6.62466,0.0015897499,-1
343,344,1565954381300,-5.0495,-0.5907,1.3816,2.554077,-6.7111483,-0.39642233,-1
344,345,1565954381310,-4.8096,-0.598,0.61649996,2.6826072,-6.886317699999999,-1.5229805,-1
345,346,1565954381320,-4.5738997,-0.71739995,-0.4818,2.8471656000000003,-7.083715,-2.4673111,-1
346,347,1565954381330,-4.0179,-0.75299996,-1.3695998999999999,3.5422022000000006,-7.1882844,-3.3888488,-1
347,348,1565954381340,-3.0616999,-0.6953,-1.9243,4.3243594000000005,-7.228813000000001,-3.8362867999999994,-1
348,349,1565954381350,-1.8527,-0.47739998,-2.6539,5.563512,-7.107188000000001,-4.7992635,-1
349,350,1565954381361,-0.7477,-0.4173,-3.5676,5.9071565,-7.136349000000001,-5.147371,-1
350,351,1565954381371,0.1223,-0.4906,-4.367,7.0974674,-7.475732000000001,-6.536630000000001,-1
351,352,1565954381381,0.6362,-0.69089997,-5.0318,7.507488700000001,-7.7833104,-7.221094,-1
352,353,1565954381391,1.1142,-0.88269997,-5.3192,7.7668,-8.015299,-7.3280478,-1
353,354,1565954381402,1.5345,-0.8994,-5.2542995999999995,8.079013,-8.010176,-7.129156599999999,-1
354,355,1565954381412,1.7788999,-0.8067,-4.9339,8.0555315,-8.071936,-6.863697,-1
355,356,1565954381422,1.7109,-0.9535,-4.5923,7.9203734,-8.31672,-6.595546700000001,-1
356,357,1565954381432,1.6473999,-1.2666,-4.0587,7.762529,-8.796928,-6.037315,-1
357,358,1565954381442,1.7518,-1.6130999,-3.7631997999999998,7.970412700000001,-9.280902000000001,-5.8929253,-1
358,359,1565954381452,2.1178,-1.8327999,-3.8806,8.242517999999999,-9.359614,-5.9155264,-1
359,360,1565954381463,2.6495,-1.7199999,-3.8578,8.801431,-9.257286,-5.908641,-1
360,361,1565954381473,3.2064998,-1.4943,-4.0455,9.110062,-9.163453,-6.1260343,-1
361,362,1565954381483,3.5762,-1.4071,-4.5101,9.441008,-9.175213000000001,-6.6920333,-1
362,363,1565954381493,4.0495,-1.2471,-5.1053,9.889863,-8.927318,-7.0453978,-1
363,364,1565954381503,4.468499700000001,-0.88989997,-5.3381,10.010866,-8.816953999999999,-6.8059015,-1
364,365,1565954381513,4.683,-0.7992,-4.9374,10.142719,-8.939567,-6.0078473,-1
365,366,1565954381523,4.8768997,-0.84779996,-4.2671,10.214919,-9.03,-5.427588500000001,-1
366,367,1565954381533,4.9834,-0.8957,-3.6251998,10.227292,-9.112207000000001,-4.4536653,-1
367,368,1565954381543,5.0453997,-0.8907,-2.7689998,10.141819,-9.102908,-3.9341042,-1
368,369,1565954381553,4.973799700000001,-0.8515,-2.2823,9.8877945,-9.328289,-3.7483814,-1
369,370,1565954381563,4.7581997000000005,-1.1306,-2.3267999,9.712348,-9.512499,-3.7592893,-1
370,371,1565954381573,4.6644,-1.237,-2.2738,9.768295,-9.550403999999999,-3.5230296,-1
371,372,1565954381584,4.8203998,-1.2006,-2.0304,9.881215,-9.474181,-3.2291365,-1
372,373,1565954381594,4.9674997,-1.0625,-1.6652,10.004421,-9.266853,-2.689493,-1
373,374,1565954381604,5.062,-0.8648,-1.2157999,9.998771000000001,-9.098924,-2.3460495,-1
374,375,1565954381614,4.9918,-0.6099,-0.7206,9.737084,-8.809561,-1.6123512,-1
375,376,1565954381624,4.71,-0.4143,-0.1501,9.343889,-8.861342,-1.1252748,-1
376,377,1565954381635,4.3564,-0.5214,0.2679,9.185067,-8.922691,-0.90347594,-1
377,378,1565954381644,4.1205997000000005,-0.6056,0.581,9.037115,-8.888847,-0.5318863,-1
378,379,1565954381654,3.8504,-0.53709996,1.0461,8.681633999999999,-8.791441,-0.28226683,-1
379,380,1565954381664,3.5069999999999997,-0.5603,1.1409,8.509155,-8.841269500000001,-0.31960678,-1
380,381,1565954381674,3.2865998999999997,-0.6458,1.0694,8.314622,-8.809772,-0.22002713,-1
381,382,1565954381684,3.0340998,-0.6265,1.3355,8.086464,-8.838321,0.18939093,-1
382,383,1565954381694,2.7003999,-0.74759996,1.8805,7.776328599999999,-8.956632,0.95064175,-1
383,384,1565954381705,2.3731,-0.93079996,2.6227,7.5872636,-9.15766,1.6767552,-1
384,385,1565954381715,2.1103,-1.1658,3.4685998,7.429208,-9.298324000000001,2.286367,-1
385,386,1565954381725,1.9110999,-1.3249999,3.8741,7.3496633000000005,-9.235021000000001,2.4401894,-1
386,387,1565954381735,1.6862999,-1.2026,3.9731,7.007302,-8.967291000000001,2.2428594,-1
387,388,1565954381745,1.2973,-1.0547999,3.7559,6.4240165000000005,-8.694046,2.1528757,-1
388,389,1565954381755,0.67649996,-0.87229997,3.6592998999999997,6.0227485,-8.45476,2.221197,-1
389,390,1565954381765,0.0423,-0.63479996,3.7563,5.490489,-8.079493,2.5004852000000004,-1
390,391,1565954381776,-0.4448,-0.3998,3.9740998999999997,5.184826,-7.931722,2.5603595,-1
391,392,1565954381786,-0.90889996,-0.23369999,4.0211,4.855824,-7.532474499999999,2.6235375,-1
392,393,1565954381796,-1.2498,0.0122,4.0748,4.575664,-7.3989644,2.6880946,-1
393,394,1565954381806,-1.6923,0.103099994,4.1471,4.247093700000001,-7.3801174,2.6942334,-1
394,395,1565954381816,-2.2841,-0.0242,4.200999700000001,3.6075449999999996,-7.626183500000001,2.7694402,-1
395,396,1565954381826,-2.9784,-0.4732,4.2855,3.4150989999999997,-7.778349400000001,2.7912943,-1
396,397,1565954381837,-3.0723999,-0.50519997,4.0607,3.3705093999999995,-7.776999000000001,2.6459472,-1
397,398,1565954381847,-2.9136999,-0.42209998,3.3314,3.5535412,-7.650048700000001,1.8270345000000001,-1
398,399,1565954381857,-2.7805998,-0.16849999,2.5102,3.7570292999999997,-7.321650999999999,0.86726606,-1
399,400,1565954381867,-2.8528,0.0946,1.9757999,3.695096,-7.072778,0.4653179,-1
400,401,1565954381877,-3.2983,0.2086,1.8393999,3.3799233,-6.923543,0.31158143,-1
401,402,1565954381887,-3.8794,0.37109998,1.9562,2.72192,-6.7274485,0.41146750000000004,-1
402,403,1565954381898,-4.4744,0.4684,1.9031999,2.047052,-6.5638380000000005,0.30970433,-1
403,404,1565954381908,-4.4744,0.4684,1.9031999,1.693687,-6.4967713,0.17246872,-1
404,405,1565954381918,-5.3178,0.60109997,1.6472,1.2469865,-6.4780297,-0.020159177,-1
405,406,1565954381928,-5.5083,0.3319,1.6469999999999998,1.1228038999999999,-6.7062740000000005,-0.05140830000000001,-1
406,407,1565954381939,-5.252000000000001,0.0585,1.2684,1.4799421999999998,-7.054323700000001,-0.6624277,-1
407,408,1565954381949,-4.532,0.083299994,0.35999998,2.027391,-7.015614,-1.3891253000000001,-1
408,409,1565954381959,-3.7947998,0.1064,-0.8009999999999999,2.873856,-7.047217999999999,-2.8776292999999997,-1
409,410,1565954381970,-2.9875998,0.1016,-1.9956,3.6931230000000004,-7.077739200000001,-4.1434917,-1
410,411,1565954381979,-2.3699,0.1818,-2.9062,4.149113,-7.044086,-4.8068480000000005,-1
411,412,1565954381990,-1.6709,0.2066,-3.3083,4.697184,-7.055013000000001,-5.1097727,-1
412,413,1565954382000,-0.7671,0.27179998,-3.2545998,5.708428400000001,-7.032939,-5.0588717,-1
413,414,1565954382010,-0.08109999400000001,0.1717,-3.2094998,6.363242,-7.2102246,-5.013975599999999,-1
414,415,1565954382020,0.1721,-0.0332,-3.1266,6.4902690000000005,-7.400927499999999,-4.866683999999999,-1
415,416,1565954382031,0.2656,-0.3965,-2.9603,6.622199,-7.8261375,-4.679295,-1
416,417,1565954382041,0.45009997,-0.67829996,-2.8265,6.785455000000001,-8.035573,-4.51194,-1
417,418,1565954382051,0.769,-0.88549995,-2.3897998,7.2144960000000005,-8.301482,-3.9091856,-1
418,419,1565954382061,1.2716,-0.8702,-1.9171,7.829959,-8.185450999999999,-3.4564803,-1
419,420,1565954382072,1.8072,-0.713,-1.8248999,8.196176,-8.03246,-3.5451713,-1
420,421,1565954382082,2.1943998,-0.4283,-1.9655,8.556819,-7.698249000000001,-3.7048547,-1
421,422,1565954382092,2.4003,-0.069299996,-2.1954,8.594064,-7.422264599999999,-3.894782,-1
422,423,1565954382102,2.4134998,0.1849,-2.4599,8.453525,-7.1759205,-3.9677286,-1
423,424,1565954382112,2.1849,0.36319998,-2.3137,8.235441,-7.081023700000001,-3.5984373,-1
424,425,1565954382122,1.8528,0.5349,-1.7347,7.7915273,-6.8097897,-2.8835478,-1
425,426,1565954382133,1.4573,0.7109,-1.2849,7.362342999999999,-6.769289,-2.615043,-1
426,427,1565954382143,0.8824,0.70739996,-1.0275999,6.749331,-6.8143673,-2.3174052000000005,-1
427,428,1565954382153,0.3965,0.65459996,-0.7173,6.2692175,-6.9829479999999995,-1.8925973000000003,-1
428,429,1565954382164,0.0224,0.4669,-0.3732,6.0301704,-7.0932345,-1.5911864,-1
429,430,1565954382174,-0.2082,0.31329998,0.0412,5.9645023,-7.265502000000001,-1.2287713,-1
430,431,1565954382184,-0.19759999,0.1845,0.2188,6.0692344,-7.4018087,-1.3208332,-1
431,432,1565954382194,0.052699998,0.0897,0.0975,6.4370985,-7.424745,-1.3571388999999998,-1
432,433,1565954382204,0.3924,0.1042,0.080699995,6.6450114000000005,-7.439426400000001,-1.3547926000000001,d
433,434,1565954382214,0.5523,0.1556,0.1399,6.6533237000000005,-7.399903,-1.269674,-1
434,435,1565954382225,0.51919997,0.1531,0.1865,6.398801000000001,-7.483604,-1.264445,-1
435,436,1565954382235,0.28239998,0.0663,0.15269999,6.094919,-7.584055,-1.307598,-1
436,437,1565954382247,-0.0771,-0.043899997999999996,0.0786,5.8564568,-7.627246400000001,-1.4058561,-1
437,438,1565954382257,-0.2571,-0.1776,-0.122999996,5.875408999999999,-7.7057476,-1.5218982,-1
438,439,1565954382267,-0.2005,-0.2277,-0.0391,5.945981,-7.769653999999999,-1.4108073,-1
439,440,1565954382277,-0.063,-0.3159,0.1972,6.0928316,-7.866973,-1.1455393,-1
440,441,1565954382287,-0.0036,-0.3452,0.3265,6.139394,-7.886164999999999,-1.050183,-1
441,442,1565954382297,-0.0536,-0.33589998,0.3251,6.1012015,-7.8446110000000004,-1.1188103999999999,-1
442,443,1565954382308,-0.0664,-0.20969999,0.0442,6.0750665999999995,-7.745405,-1.324051,-1
443,444,1565954382318,-0.0218,0.013599999,-0.1213,6.101901,-7.5091834,-1.4773661,-1
444,445,1565954382328,-0.0766,0.0694,-0.12019999,6.0731416,-7.4624777,-1.4658643999999998,-1
445,446,1565954382338,-0.1121,0.1637,-0.1274,6.0652504,-7.3508887000000005,-1.5084429,-1
446,447,1565954382348,-0.108799994,0.1301,-0.1831,6.0585275,-7.394597,-1.5208926999999999,-1
447,448,1565954382358,-0.1445,0.12619999,-0.1507,6.057101,-7.410361,-1.4423629,-1
448,449,1565954382368,-0.0423,0.1522,-0.059699997000000005,6.192392,-7.295812599999999,-1.3353325,-1
449,450,1565954382378,0.0213,0.2963,0.031999997999999995,6.2149262,-7.204737,-1.2787911,-1
450,451,1565954382388,-0.0713,0.42119998,0.0949,6.118258,-7.096097500000001,-1.2162448000000001,-1
451,452,1565954382398,-0.2611,0.3999,0.067999996,5.876146299999999,-7.128276,-1.2458181000000002,-1
452,453,1565954382408,-0.4296,0.2628,0.0287,5.7642994000000005,-7.276428999999999,-1.2245193,-1
453,454,1565954382418,-0.46719998,0.1876,0.057099998,5.723435,-7.3376822,-1.2121938,-1
454,455,1565954382429,-0.37289998,0.0866,-0.052199997000000005,5.8154297,-7.4331822,-1.3264357,-1
455,456,1565954382439,-0.1762,0.0479,-0.2888,6.048146,-7.4973087,-1.5651950000000001,-1
456,457,1565954382449,0.1585,0.0585,-0.3858,6.325797000000001,-7.48256,-1.6432459,-1
457,458,1565954382459,0.3827,0.1742,-0.303,6.5481224000000005,-7.3682227,-1.4888774,-1
458,459,1565954382470,0.3459,0.15699999,-0.0311,6.4979787,-7.39907,-1.2773928999999997,-1
459,460,1565954382479,0.009000000000000001,0.1151,0.23279999,6.0901213,-7.421239999999999,-0.9449148,-1
460,461,1565954382489,-0.40919998,0.1099,0.3008,5.760746,-7.437568,-0.9394177,-1
461,462,1565954382499,-0.6986,0.086799994,0.26819998,5.4288526,-7.436927000000001,-1.0055934000000002,-1
462,463,1565954382510,-0.7179,0.1663,0.1751,5.5154266,-7.3346467,-1.0906738,-1
463,464,1565954382520,-0.4558,0.2907,0.0613,5.7894955,-7.2380548,-1.1999068000000002,-1
464,465,1565954382530,-0.119399995,0.24309999,0.016999999,6.214773,-7.277492,-1.1791156999999999,-1
465,466,1565954382540,0.2595,0.24679999,0.0537,6.4652257,-7.3627644,-1.2194339,d
466,467,1565954382550,0.5112,0.054199997,0.0133,6.772689,-7.664117299999999,-1.1563324,-1
467,468,1565954382560,0.8595,-0.2473,0.110199995,7.045551299999999,-7.930822,-1.0796221000000001,-1
468,469,1565954382570,1.2646998999999999,-0.5505,0.2559,7.6149693,-8.278201,-0.9486402,-1
469,470,1565954382581,1.7953999,-0.75689995,0.23249999,7.99763,-8.43527,-1.0134177,-1
470,471,1565954382591,2.2443,-1.0731,0.14559999,8.502969,-8.806295,-1.1198063999999999,-1
471,472,1565954382601,2.7772,-1.3919,-0.07400000000000001,9.158827,-9.179255,-1.4621389999999999,-1
472,473,1565954382611,3.3239,-1.6358,-0.4777,9.608199,-9.361118,-1.8946754000000001,-1
473,474,1565954382621,3.9057998999999994,-1.8446,-1.0323,10.120281,-9.491775,-2.2475615,-1
474,475,1565954382631,4.5471,-1.9041,-1.2922,10.890888,-9.512691,-2.478286,-1
475,476,1565954382642,5.0601997,-1.8553,-1.5252,11.447004,-9.412421,-2.9913057999999997,-1
476,477,1565954382652,5.4719996,-1.8283,-2.2119,11.80919,-9.330262,-3.6391866000000004,-1
477,478,1565954382662,5.8405,-1.6869999,-2.9478998,12.214613,-9.108386,-4.474140599999999,-1
478,479,1565954382672,5.9895997,-1.5596,-3.4643998,12.331087,-8.967222999999999,-4.7799373,-1
479,480,1565954382682,6.0580997000000005,-1.4947,-3.616,12.37447,-8.763956,-4.6951447,-1
480,481,1565954382692,5.8219,-1.3829,-3.3102998999999995,12.1004,-8.631883,-4.4075050000000005,-1
481,482,1565954382702,5.272599700000001,-1.3103,-2.8913,11.488127,-8.381525,-3.8615407999999998,-1
482,483,1565954382713,4.6468,-1.1568999,-2.4091,11.037702000000001,-8.122932,-3.5170822,-1
483,484,1565954382723,3.9268,-0.8519,-2.0139,10.27329,-7.460974,-3.1655368999999998,-1
484,485,1565954382733,3.155,-0.3146,-1.8131,9.717461,-6.895052000000001,-3.1125293,-1
485,486,1565954382743,2.3439999,0.3491,-1.7443,8.902475,-5.983703599999999,-2.9293249,-1
486,487,1565954382753,1.4965998999999999,0.935,-1.5953,7.921838799999999,-5.3777695,-2.4131446,-1
487,488,1565954382764,0.5453,1.2276,-1.1453999,7.205647,-5.168362999999999,-1.9486886000000003,-1
488,489,1565954382773,-0.3525,1.3741,-0.588,6.5356819999999995,-4.7419459999999996,-1.4144847,-1
489,490,1565954382783,-1.002,1.6774,-0.24509999,6.0238595,-4.429752,-1.1448976999999998,-1
490,491,1565954382793,-1.8269,1.9190999,0.11889999,5.0040154,-4.2183722999999995,-0.5343858,-1
491,492,1565954382803,-2.8581,1.9009,0.58489996,4.144603,-4.2008376,-0.13305058,-1
492,493,1565954382814,-4.0724,1.696,1.1316998999999999,2.8522604,-4.3130964999999994,0.8081963000000001,-1
493,494,1565954382824,-5.2146,1.5489998999999999,2.0018,1.9972526999999998,-4.49407,1.6203958,-1
494,495,1565954382834,-6.3115997,1.153,2.9319,0.9775046999999999,-4.898814700000001,2.5514912999999995,-1
495,496,1565954382845,-7.0888,0.7262,3.5528,0.64331245,-5.217828,2.8473856,-1
496,497,1565954382855,-7.5031996,0.1686,3.9968,0.3972268,-5.860698999999999,3.372549,-1
497,498,1565954382865,-7.6152997000000004,-0.3452,4.3471,0.42290223,-6.187641999999999,3.4963677000000004,-1
498,499,1565954382875,-7.455899700000001,-0.7087,4.4154,0.9576614999999999,-6.356031,3.12813,-1
499,500,1565954382885,-6.9529996,-0.7531,3.9403,1.4956194999999999,-6.1887620000000005,2.537509,-1
500,501,1565954382896,-6.5066,-0.57739997,3.4398,1.5379874,-6.067568,2.2092354,-1
501,502,1565954382906,-6.5039,-0.4436,3.0037,1.0079494,-6.039067299999999,1.7915332,-1
502,503,1565954382916,-7.6278,-0.3039,2.7998,0.48990154,-5.954839,1.8518096999999998,-1
503,504,1565954382926,-7.6278,-0.3039,2.7998,-0.23161507,-5.759204,2.1810699000000002,-1
504,505,1565954382936,-8.2276,-0.1533,3.0902,-0.6258826,-5.7193456,2.3433776,-1
505,506,1565954382947,-8.6831,-0.0942,3.3300998,-0.85407877,-5.501473000000001,2.575031,-1
506,507,1565954382957,-8.8242,0.114199996,3.5835998,-0.73068166,-5.312685500000001,2.5189588,-1
507,508,1565954382967,-8.2657995,0.49019998,2.8149998,-0.36339194,-5.1929374,1.682463,-1
508,509,1565954382977,-7.8602,0.5897,2.3648999,0.064787105,-5.143722,1.0899651000000001,-1
509,510,1565954382987,-7.5912,0.47599998,2.2,0.2174797,-5.351079,0.9478931999999999,-1
510,511,1565954382998,-7.4296,0.098699994,2.0753,0.33572456,-5.894783,0.68511516,-1
511,512,1565954383009,-7.1096997,-0.2377,1.9408,0.6371258000000001,-6.39136,0.4541226,-1
512,513,1565954383019,-6.5622997000000005,-0.46429998,1.6968,1.1144530000000001,-6.6245164999999995,0.2154973,-1
513,514,1565954383029,-5.7195,-0.6318,1.3718,2.0699406000000002,-6.951679700000001,-0.32317892,-1
514,515,1565954383040,-4.6232,-0.6856,0.8865,2.9115024,-7.0669937,-0.81932455,-1
515,516,1565954383050,-3.6383997999999997,-0.8059999999999999,0.1068,3.8188763,-7.429237,-1.9254553,-1
516,517,1565954383060,-2.9120998,-1.151,-1.0622,4.2780747,-7.8416047,-2.9498862999999997,-1
517,518,1565954383071,-2.2594,-1.4574,-2.033,4.9225072999999995,-8.27281,-4.0380416,-1
518,519,1565954383081,-1.5144999,-1.4717,-2.5022,5.7080355,-8.357047,-4.424772,-1
519,520,1565954383091,-0.7391,-1.3813,-2.6713998,6.109821,-8.371516999999999,-4.6360269999999995,-1
520,521,1565954383101,-0.1639,-1.4136,-2.9236999,6.6898117,-8.624499,-5.112779,-1
521,522,1565954383111,0.46449998,-1.5583,-3.4399998,7.0425735000000005,-8.887727,-5.6273317,-1
522,523,1565954383121,0.93179995,-1.8140999,-3.9826,7.4853086,-9.265924,-6.1092653,-1
523,524,1565954383131,1.6043999,-1.9142,-4.3505,8.122186,-9.260513000000001,-6.45765,-1
524,525,1565954383142,2.513,-1.6323999,-4.797,8.943999999999999,-9.045772999999999,-6.928274000000001,-1
525,526,1565954383152,3.1552,-1.4021,-5.0566,9.115454,-9.043341,-6.816876400000001,-1
526,527,1565954383163,3.2359,-1.4592999,-4.7658997,8.884001,-9.341534,-6.278047,-1
527,528,1565954383173,3.09,-1.6462,-4.2773,8.644485000000001,-9.598728,-5.9242606,-1
528,529,1565954383183,3.0035,-1.9509999999999998,-4.0353,8.602471000000001,-10.181094,-5.8000110000000005,-1
529,530,1565954383193,3.2832,-2.2251,-4.1581,9.17077,-10.341256,-6.1154523,-1
530,531,1565954383203,4.047,-2.2635,-4.6412997,9.776647,-10.274277,-6.6528735,-1
531,532,1565954383214,4.9182,-2.0112,-5.4316,10.58036,-10.118146000000001,-7.457517,-1
532,533,1565954383224,5.6537,-1.7779,-6.0132,10.985947999999999,-9.954009,-7.382942,-1
533,534,1565954383234,6.178999999999999,-1.499,-5.7503,11.1513,-9.73718,-6.632886999999999,-1
534,535,1565954383244,6.2257,-1.3427,-5.1117,10.8187275,-9.809849,-6.0614099999999995,-1
535,536,1565954383254,5.784,-1.4545,-4.4528,10.13118,-10.178268,-5.127786,-1
536,537,1565954383265,5.2977,-1.7341,-3.6376,9.832881,-10.386459,-4.5421643,-1
537,538,1565954383275,5.0104,-1.9699999,-2.9236999,9.69621,-10.531768,-3.7395995,-1
538,539,1565954383285,5.0613,-2.0032,-2.4342,9.878696000000001,-10.475226,-3.3537498,-1
539,540,1565954383295,5.2427,-1.9027,-2.115,10.0463,-10.262842,-3.0818453,-1
540,541,1565954383306,5.5021996,-1.6114,-1.8173,10.202661500000001,-9.987900999999999,-2.8339972,-1
541,542,1565954383316,5.686899700000001,-1.0216,-1.0626,10.289925,-9.655222,-2.3031838,-1
542,543,1565954383326,5.4995,-0.8152,-0.7626,10.118606,-9.405497,-1.9146334999999999,-1
543,544,1565954383336,5.4995,-0.8152,-0.7626,9.928161,-9.392884,-1.5822034,-1
544,545,1565954383346,4.8633,-0.88869995,-0.1384,9.563236,-9.441171,-1.3093888999999999,-1
545,546,1565954383356,4.8633,-0.88869995,-0.1384,9.333518,-9.382810000000001,-1.0140879999999999,-1
546,547,1565954383367,4.1122,-0.79609996,1.2222998999999999,8.923228,-9.267974,-0.025742456,-1
547,548,1565954383377,3.6804997999999998,-0.84309995,2.2724,8.471212,-9.290183,1.2349197,-1
548,549,1565954383387,3.2728,-0.9722,3.1227999,8.231802,-9.342816000000001,1.8009089,-1
549,550,1565954383397,2.9312,-1.1223,3.6510000000000002,7.915336,-9.486728,2.4050045,-1
550,551,1565954383408,2.6573,-1.4194,3.9627,7.759875999999999,-9.688491,2.584014,-1
551,552,1565954383418,2.5296,-1.5694,4.1948,7.701639,-9.781147,2.850613,-1
552,553,1565954383428,2.2907999,-1.5641999,4.4674997,7.5655437,-9.729183,3.060623,-1
553,554,1565954383438,1.9094,-1.4836,4.397599700000001,7.185918300000001,-9.546228,2.9227457,-1
554,555,1565954383448,1.4914,-1.2214999,4.0650997,6.9357057,-9.262027,2.664852,-1
555,556,1565954383458,0.9885,-0.8282,3.9087,6.4919257,-8.706744,2.4992113,-1
556,557,1565954383468,0.5791,-0.32349998,3.8571,6.243101,-8.234541,2.4785542,-1
557,558,1565954383478,-0.0405,-0.1689,3.9615,5.6184635,-7.9634213,2.6266499,-1
558,559,1565954383488,-0.74009997,-0.107999995,4.3011,5.1344037,-7.8446880000000005,2.900403,-1
559,560,1565954383498,-1.6245999,-0.0692,4.5776997,4.213776,-7.714616,3.1428971000000003,-1
560,561,1565954383508,-2.573,-0.2251,4.4509,3.5158660000000004,-7.789535000000001,3.0017927,-1
561,562,1565954383518,-3.4436998,-0.55189997,4.2226,2.625587,-8.066171,2.7153409,-1
562,563,1565954383529,-3.9369,-0.7701,4.2479997,2.3285812999999997,-8.172244000000001,2.7658105,-1
563,564,1565954383539,-4.158,-0.86789995,4.5703,2.1620597999999998,-8.247987,3.133512,-1
564,565,1565954383549,-4.2077,-1.0323,4.8229,2.253298,-8.358694,3.2779589,-1
565,566,1565954383559,-4.101,-1.0110999,4.6956997000000005,2.3282175,-8.196836,3.0747583,-1
566,567,1565954383570,-4.0976,-0.6803,4.2458,2.3035955,-7.7211566,2.44358,-1
567,568,1565954383581,-4.3596,-0.27969998,3.5997999,1.8955948,-7.2496333,1.6043833,-1
568,569,1565954383591,-4.7999997,0.0704,2.8816,1.4988563999999998,-6.900367299999999,1.1249684,-1
569,570,1565954383601,-5.415499700000001,0.4008,2.3165,0.7769472,-6.632675999999999,0.45862368,-1
570,571,1565954383612,-6.0445,0.5870000000000001,1.7428,0.39959225,-6.471613400000001,0.025349807000000002,-1
571,572,1565954383622,-6.3489,0.82909995,1.4087,0.25963682,-6.0542755,-0.26716417,-1
572,573,1565954383632,-6.3943996,1.1399,1.1656,0.22705652,-5.920631,-0.5504653,-1
573,574,1565954383642,-6.4069,1.128,0.91999996,0.2351489,-6.0259085,-0.89917594,-1
574,575,1565954383652,-6.3771996,0.97029996,0.5693,0.2673653,-6.163566,-1.2683331,-1
575,576,1565954383662,-6.1011,0.8429,0.2545,0.70098394,-6.31395,-1.5689396,-1
576,577,1565954383673,-5.6879,0.76519996,0.0883,0.955727,-6.381419,-1.7153976000000002,-1
577,578,1565954383683,-5.3066,0.7453,-0.2944,1.267069,-6.5018187,-2.5461855,-1
578,579,1565954383693,-5.0965,0.5859,-1.2012,1.5037023,-6.895894500000001,-3.7168736000000004,-1
579,580,1565954383703,-4.8111,0.29659998,-2.167,1.817678,-7.252056,-4.4279227,-1
580,581,1565954383713,-4.2619,-0.1025,-2.9011998,2.6266307999999996,-7.908239999999999,-4.873723,-1
581,582,1565954383724,-3.4385998,-0.6229,-3.1732,3.5718807999999997,-8.237805999999999,-4.7404910000000005,-1
582,583,1565954383734,-2.0302,-0.8254,-2.8578,5.382357,-8.282224000000001,-4.1234093000000005,-1
583,584,1565954383744,-0.385,-0.7227,-2.3534,6.50496,-8.259497999999999,-3.893499,-1
584,585,1565954383754,0.92039996,-0.672,-2.1894,7.516845,-8.414297999999999,-3.956083,-1
585,586,1565954383764,1.6861999,-0.77419996,-2.3957,7.805700999999999,-8.625524,-4.217166000000001,-1
586,587,1565954383774,2.0706,-1.0095,-2.7213,8.179292,-8.901114999999999,-4.4886303,-1
587,588,1565954383785,2.4692,-1.1414,-3.0324,8.775219,-8.948367,-4.653658,-1
588,589,1565954383795,3.0419,-1.1098,-3.2157998,9.163453,-8.893827,-4.4069785999999995,-1
589,590,1565954383805,3.5354997999999997,-0.973,-2.9129,9.418511,-8.816974,-3.9225836000000003,-1
590,591,1565954383815,3.8913998999999997,-0.85109997,-2.4851,9.669214,-8.795291,-3.7248607000000002,-1
591,592,1565954383826,4.3025,-0.6755,-2.5619,9.848089,-8.692235,-3.7952025000000003,-1
592,593,1565954383836,4.2065997,-0.5318,-2.5802999,9.76525,-8.606378999999999,-3.7913427000000004,-1
593,594,1565954383846,3.8851,-0.4457,-2.4118,9.369564,-8.502423,-3.5983222,-1
594,595,1565954383856,3.4763,-0.34739998,-1.9002999,8.875535000000001,-8.3882675,-2.941765,-1
595,596,1565954383866,3.0705,-0.2251,-1.4235,8.540721000000001,-8.293937,-2.6009076,-1
596,597,1565954383876,3.0705,-0.2251,-1.4235,8.161603999999999,-8.092592999999999,-2.1778138,-1
597,598,1565954383887,1.9211999,0.107999995,-0.6272,7.395488,-7.960203599999999,-1.7963407999999998,-1
598,599,1565954383897,1.2402999,0.057499997000000004,-0.4798,6.613465,-8.029138,-1.6205393,-1
599,600,1565954383907,0.80619997,0.028099999,-0.47289997,6.2904205,-8.043953,-1.6162872,-1
600,601,1565954383917,0.7478,0.0696,-0.7614,6.2546124,-7.986607000000001,-1.9621345000000001,-1
601,602,1565954383928,0.9454,0.16049999,-1.1068,6.423058999999999,-7.917194,-2.22655,-1
602,603,1565954383938,0.97319996,0.268,-1.0438,6.4320900000000005,-7.773475,-2.0992455000000003,-1
603,604,1565954383948,0.68,0.3599,-0.6599,6.169398,-7.701716,-1.7719296000000002,-1
604,605,1565954383958,0.1237,0.3771,-0.2726,5.4712873,-7.681030000000001,-1.3043993999999999,-1
605,606,1565954383968,-0.4856,0.2445,0.1431,4.840798400000001,-7.8607864,-0.8656284,d
606,607,1565954383978,-0.88799995,0.0642,0.3681,4.615858,-7.978658,-0.6663351,-1
607,608,1565954383989,-0.932,-0.033099998,0.6845,4.7184258,-8.033408999999999,-0.3103843,-1
608,609,1565954383999,-0.7133,-0.065299995,0.8473,4.901266000000001,-8.099632000000001,-0.29411329999999997,-1
609,610,1565954384009,-0.41059998,-0.09219999599999999,0.6940000000000001,5.159524,-8.102668,-0.38246894,-1
610,611,1565954384019,-0.1537,-0.049,0.43799999999999994,5.425491,-8.065864999999999,-0.6839085,-1
611,612,1565954384030,-0.121999994,-0.1029,0.0594,5.4472685,-8.127778,-0.97638416,-1
612,613,1565954384040,0.053299997,-0.19909999,-0.22649999,5.623635299999999,-8.238419,-1.2578082,-1
613,614,1565954384050,0.1357,-0.15259999,-0.258,5.714538,-8.207361,-1.2226614,-1
614,615,1565954384060,0.1038,-0.1609,-0.122899994,5.6343994,-8.168356,-1.073129,-1
615,616,1565954384070,-0.15959999,-0.0958,0.097399995,5.356326999999999,-8.092478999999999,-0.82712007,-1
616,617,1565954384081,-0.47529998,-0.1019,0.4279,5.099476999999999,-8.09039,-0.5132977,-1
617,618,1565954384091,-0.7309,-0.1069,0.75549996,4.856676,-8.060865,-0.25399607,-1
618,619,1565954384101,-0.76479995,-0.0285,0.78209996,5.0171165,-7.89013,-0.30497342,-1
619,620,1565954384111,-0.54609996,0.1445,0.5651,5.269303,-7.768160000000001,-0.59267986,-1
620,621,1565954384121,-0.20359999,0.254,0.1357,5.642281,-7.704942999999999,-1.0644908000000002,-1
621,622,1565954384132,0.0632,0.2872,-0.1671,5.75455,-7.636498,-1.1837125,-1
622,623,1565954384142,0.1727,0.29999998,-0.41799998,5.9244905,-7.6353583,-1.5484548,-1
623,624,1565954384152,0.30859998,0.3786,-0.70309997,5.987209,-7.4613,-1.6516736,-1
624,625,1565954384162,0.30249998,0.6001,-0.62659997,5.8433175,-7.2994710000000005,-1.408959,-1
625,626,1565954384172,0.016999999,0.6308,-0.3655,5.507267,-7.3517795,-1.2421597,-1
626,627,1565954384183,-0.41849998,0.53139997,-0.15869999,4.9987197,-7.451637,-0.8355764000000001,-1
627,628,1565954384193,-0.8124,0.3942,0.2757,4.836526999999999,-7.6265089999999995,-0.5210549,-1
628,629,1565954384203,-0.8666,0.1637,0.5108,4.92087,-7.817767599999999,-0.46214798,-1
629,630,1565954384213,-0.6771,0.0875,0.4822,5.327453,-7.899055499999999,-0.5531468,-1
630,631,1565954384223,-0.3136,0.0567,0.3759,5.617927,-7.870383,-0.88003194,-1
631,632,1565954384233,0.0736,0.0592,-0.12969999,5.9067254,-7.9161787,-1.3097625,-1
632,633,1565954384243,0.25419998,0.051599998,-0.4215,5.9833207,-7.9276423,-1.3970741000000002,-1
633,634,1565954384253,0.30359998,0.040599998,-0.5026,5.989775,-7.9225383,-1.4605492,-1
634,635,1565954384263,0.30879998,0.0254,-0.597,5.903805,-7.9972277,-1.4334086000000001,-1
635,636,1565954384273,0.19119999,-0.023699999,-0.37019998,5.796697,-7.978304,-1.1579700000000002,-1
636,637,1565954384283,0.0705,0.0714,-0.0687,5.606980999999999,-7.8372850000000005,-0.8633013,-1
637,638,1565954384294,-0.109799996,0.156,0.12529999,5.444482,-7.7236275999999995,-0.70388573,-1
638,639,1565954384304,-0.2304,0.27109998,0.2278,5.4444914,-7.626701,-0.6255378,-1
639,640,1565954384314,-0.2402,0.3496,0.2961,5.3594394,-7.631862599999999,-0.6047945,-1
640,641,1565954384324,-0.3041,0.3241,0.31039998,5.3733068,-7.769692,-0.63850486,d
641,642,1565954384334,-0.26459998,0.1166,0.2518,5.571336,-8.083343,-0.6375472,-1
642,643,1565954384344,-0.0427,-0.1356,0.2606,5.7873983,-8.358196000000001,-0.61303055,-1
643,644,1565954384355,0.3408,-0.5317,0.2598,6.401971,-8.827239,-0.5694465,-1
644,645,1565954384365,0.9126,-0.858,0.3673,6.9069080000000005,-9.030786,-0.4274991,-1
645,646,1565954384375,1.6005,-1.0776,0.46469998,7.6092997,-9.277953,-0.38960367,-1
646,647,1565954384385,2.1255,-1.2619,0.4904,7.9134398,-9.581949,-0.56599885,-1
647,648,1565954384395,2.3679,-1.52,0.2767,8.119236,-9.80461,-0.8399243000000001,-1
648,649,1565954384406,2.6413,-1.7638999,-0.13599999,8.397805,-9.925747,-1.0972627000000001,-1
649,650,1565954384416,2.9959,-1.905,-0.3217,8.845464999999999,-10.03928,-0.9506513000000001,-1
650,651,1565954384426,3.7695,-2.1076,0.19849999,9.363138000000001,-10.133593,-0.5925935999999999,-1
651,652,1565954384436,3.7695,-2.1076,0.19849999,9.709283000000001,-10.053808,-0.6083954,-1
652,653,1565954384446,4.4277997000000004,-1.7678,-0.1436,10.094778,-9.745205,-0.91087884,-1
653,654,1565954384456,4.5106997,-1.4915,-0.69799995,10.277331,-9.406321,-1.6054462999999999,-1
654,655,1565954384467,4.5239997,-1.2432,-1.3507,10.318464,-9.139041,-2.095999,-1
655,656,1565954384477,4.4104,-1.0325,-1.8223,10.285309,-8.935419,-2.4882746,-1
656,657,1565954384487,4.4653997,-0.7905,-2.2768,10.418561,-8.567871,-3.0060925,-1
657,658,1565954384497,4.6591,-0.46879998,-2.6053,10.739374,-8.097832,-3.297103,-1
658,659,1565954384507,4.6889997,-0.1749,-2.4448,10.824923,-7.807204700000001,-3.180132,-1
659,660,1565954384517,4.4858,-0.0369,-2.1515,10.68923,-7.561281699999999,-2.8933067,-1
660,661,1565954384527,4.0699,-0.015099999499999999,-1.9466,10.427773,-7.4687505000000005,-2.7262776,-1
661,662,1565954384537,3.3460998999999996,-0.0683,-1.6841999,9.679566000000001,-7.396503,-2.450992,-1
662,663,1565954384547,2.5133997999999997,-0.0862,-1.3165,9.104996,-7.320358000000001,-2.1346988999999996,-1
663,664,1565954384557,1.8294,-0.0177,-0.7241,8.467334,-7.0794725000000005,-1.4011443000000001,-1
664,665,1565954384567,1.3823999,0.24489999,0.11199999599999999,8.199882,-6.771588,-0.7219093000000001,-1
665,666,1565954384577,0.97349995,0.6705,0.7644,7.823217,-6.0915675,-0.028692112999999998,-1
666,667,1565954384588,0.44299999999999995,1.1583999,0.76589996,7.4946556,-5.623434,-0.06808152,-1
667,668,1565954384598,-0.4349,1.5802,0.2536,6.509853400000001,-4.9361734,-0.69412696,-1
668,669,1565954384608,-1.5302999,1.9274,-0.2444,5.7687615999999995,-4.6041455000000004,-1.0325618,-1
669,670,1565954384618,-2.81,2.0551999,-0.3645,4.292162,-4.3291283,-1.1111202,-1
670,671,1565954384628,-4.2983,1.7527,-0.1052,3.2276328,-4.492691000000001,-0.8652358,-1
671,672,1565954384638,-5.7335997,1.1162,0.6763,1.6486952000000001,-5.141203400000001,0.17615578,-1
672,673,1565954384649,-6.7261,0.48959997,2.1071,0.79159015,-5.7445617,1.8192772000000001,-1
673,674,1565954384659,-7.1751,-0.0418,3.3537,0.59506446,-6.014694,2.673452,-1
674,675,1565954384669,-7.1705,-0.3005,4.0982,0.7372991999999999,-6.260129,3.3295587999999996,-1
675,676,1565954384679,-6.8848996,-0.3699,4.2611,1.0205141,-6.1992199999999995,3.2700775,-1
676,677,1565954384689,-6.5418,-0.3071,3.688,1.3005111999999999,-6.1553683,2.7477294999999997,-1
677,678,1565954384700,-6.4305,-0.129,2.9994,1.4283137,-5.893893,1.9460838,-1
678,679,1565954384710,-6.4768996,0.15879999,2.4387999,1.3239074,-5.5287194,1.3274028,-1
679,680,1565954384720,-6.6884,0.47829998,1.9857999,1.0775248,-5.310205000000001,1.0298514,-1
680,681,1565954384730,-7.2728996,0.58199996,1.6967,0.32102415,-5.2705,0.7528136,-1
681,682,1565954384740,-7.99,0.484,1.4793999,-0.2529139,-5.3638453,0.6031856,-1
682,683,1565954384750,-8.422999,0.33699998,1.527,-0.65569526,-5.544291,0.7083293,-1
683,684,1565954384761,-8.4803,0.204,1.7530999,-0.3955317,-5.6465235,0.99278927,-1
684,685,1565954384771,-8.0037,0.2828,2.0639,0.011271901,-5.532301,1.2560462,-1
685,686,1565954384781,-7.4079999999999995,0.54109997,2.3813999,0.6216401,-5.298119,1.4059708999999998,-1
686,687,1565954384791,-6.9614,0.75949997,2.4427,0.80826336,-5.1752777000000005,1.3201723,-1
687,688,1565954384801,-6.8917,0.9551,2.2317,0.5797895000000001,-5.1712264999999995,0.93028146,-1
688,689,1565954384812,-7.1235,0.97179997,1.8772,0.24204423,-5.3157787,0.46291409999999994,-1
689,690,1565954384822,-7.481,0.7190000000000001,1.206,-0.07124187,-5.7752742999999995,-0.23789746,-1
690,691,1565954384832,-7.4426,0.39699998,0.8264,0.089772984,-6.1683927,-0.49113697,-1
691,692,1565954384842,-6.9652,-0.0752,0.63519996,0.72906315,-6.9674335,-0.69349486,-1
692,693,1565954384852,-6.1054997,-0.6688,0.5104,1.432221,-7.444961999999999,-0.83661073,-1
693,694,1565954384862,-4.8245,-0.96449995,0.1396,2.927189,-7.8731217000000004,-1.5826056,-1
694,695,1565954384873,-3.4016,-1.0668,-0.5986,3.9841912000000006,-7.965107000000001,-2.2197409,-1
695,696,1565954384883,-1.9820999,-0.98389995,-1.4245,5.2832274,-8.078975,-3.4022373999999997,-1
696,697,1565954384893,-0.91789997,-0.9295,-2.4687997999999998,6.1104335999999995,-8.2262945,-4.742607,-1
697,698,1565954384903,-0.23399999999999999,-0.99579996,-3.4278,6.3561745,-8.474094000000001,-5.306039299999999,-1
698,699,1565954384913,0.28309998,-1.1934,-4.0344,6.9226813,-8.798835,-5.594914,-1
699,700,1565954384923,0.9209,-1.3029,-3.9768999,7.4632435,-8.897324000000001,-5.278075,-1
700,701,1565954384934,1.7989998999999999,-1.3694,-3.4775998999999995,8.247699,-9.277781,-4.7249475,-1
701,702,1565954384944,2.4879,-1.6539999,-3.0637,8.587197,-9.752081,-4.502172,-1
702,703,1565954384954,2.9443998,-2.1615999,-2.8553,8.748605,-10.57087,-4.6153984,-1
703,704,1565954384964,3.1934998,-2.7512,-3.1367,8.984405,-11.105935,-5.097916000000001,-1
704,705,1565954384975,3.7760000000000002,-3.2073,-3.8876998,9.826503,-11.478042,-6.1723385,-1
705,706,1565954384985,4.7293997,-3.3465,-4.8781,10.552817,-11.464242,-6.8315964000000005,-1
706,707,1565954384995,5.7426996,-3.1657,-5.5787,11.34864,-11.373177,-7.173354,-1
707,708,1565954385005,6.4807997,-3.0363998,-5.8908,11.6544,-11.379631,-7.24653,-1
708,709,1565954385016,6.8652,-2.915,-5.9445996,11.745389,-11.175989999999999,-7.1488276,-1
709,710,1565954385025,7.0077996,-2.6174,-5.8637,11.6362705,-10.811871,-6.6334424,-1
710,711,1565954385035,6.9851,-2.2510998,-5.3726,11.443384,-10.588232000000001,-6.012942,-1
711,712,1565954385045,6.7703,-1.9696,-4.5548997,11.059086,-10.504234,-4.7087817,-1
712,713,1565954385055,6.4775996,-1.9054999,-3.4369,10.758958,-10.482225999999999,-3.8435748,-1
713,714,1565954385066,6.1362,-1.8855,-2.3209,10.511628,-10.570554,-2.9984121,-1
714,715,1565954385076,5.9771,-1.9545,-1.7243998999999999,10.477257,-10.6204195,-2.9989676,-1
715,716,1565954385086,6.1106,-1.9544,-1.8858,10.612663000000001,-10.585588000000001,-3.1147225,-1
716,717,1565954385096,6.3382998,-1.7530999,-1.6988,10.821054,-10.423588,-2.98873,-1
717,718,1565954385107,6.2957997,-1.5311999,-1.114,10.820738,-10.16895,-2.2943347000000003,-1
718,719,1565954385117,6.0372996,-1.3406,-0.3444,10.657415,-9.989414,-1.6909193,-1
719,720,1565954385127,5.5319,-1.1529,0.5615,10.14021,-9.748002,-0.5975928,-1
720,721,1565954385137,4.8501997,-0.94759995,1.2774,9.39909,-9.455996,0.21904072,-1
721,722,1565954385147,4.075,-0.83989996,1.5622,8.83944,-9.340824000000001,0.42599553,-1
722,723,1565954385157,3.3486998,-0.84679997,1.8559999999999999,8.105906,-9.278719,0.7434571,-1
723,724,1565954385167,2.7556,-0.8286,2.1127,7.7274675,-9.218586,0.9698241,-1
724,725,1565954385178,2.3876,-0.9209,2.4129999,7.4377885,-9.219669,1.3567367000000001,-1
725,726,1565954385188,2.1973,-0.84819996,2.9345999,7.383048,-9.11326,1.7775031000000003,-1
726,727,1565954385198,2.0858998,-0.84639996,3.2644,7.382415299999999,-9.043302,2.1540057999999997,-1
727,728,1565954385208,2.0706,-0.7891,3.5367,7.4573064,-8.91323,2.3425062000000003,-1
728,729,1565954385218,1.9721999,-0.7662,3.6906,7.430865,-8.7851305,2.4996712000000003,-1
729,730,1565954385228,1.4754,-0.8279,3.7735,7.086243,-8.80075,2.5514624,-1
730,731,1565954385238,0.8772,-0.9041,3.7073998,6.494033,-8.75526,2.4702224999999998,-1
731,732,1565954385248,0.5051,-0.79609996,3.6697,6.3279996,-8.459969000000001,2.3222034,-1
732,733,1565954385258,0.3518,-0.48259997,3.4554,6.3188825,-8.1008005,2.1868925,-1
733,734,1565954385268,0.2409,-0.1502,3.5865998,6.308281,-7.7640899999999995,2.3157964,-1
734,735,1565954385278,-0.2014,-0.17199999,3.7972998999999996,5.88309,-7.7268740000000005,2.5162772999999996,-1
735,736,1565954385288,-0.8179,-0.53749996,3.8395998,5.4669585,-7.971609599999999,2.5427284,-1
736,737,1565954385298,-1.3216,-0.86179996,3.8014,5.0094647000000005,-8.229819,2.4612586,-1
737,738,1565954385308,-1.5335,-1.0051,3.5351,4.949476,-8.267868,2.2173276,-1
738,739,1565954385319,-1.6013,-0.94729996,3.4794,4.957051,-8.0844345,2.1561605999999998,-1
739,740,1565954385329,-1.8231,-0.84889996,3.5089998,4.6964755,-7.9200287,2.1968331,-1
740,741,1565954385340,-2.3281999,-0.7606,3.4566998,4.292698400000001,-7.751458,2.1003947,-1
741,742,1565954385350,-2.8216,-0.4755,3.0679998,3.8599032999999996,-7.2445,1.5808148000000002,-1
742,743,1565954385360,-3.2315998,-0.0801,2.5937997999999998,3.579025,-6.863448,1.2196924999999998,-1
743,744,1565954385370,-3.7326,0.2608,2.037,3.0544841,-6.4798303,0.48212520000000003,-1
744,745,1565954385380,-4.2349997,0.3139,1.3488,2.5663544999999996,-6.558934700000001,-0.27262294,-1
745,746,1565954385390,-4.6082,0.0033999997999999997,0.98389995,2.4342806,-6.772363,-0.40488824,-1
746,747,1565954385400,-4.6239,-0.19739999,1.0440999,2.5493843999999997,-6.858161999999999,-0.38361818,-1
747,748,1565954385410,-4.3457,-0.2447,0.82559997,2.9733397999999998,-6.81566,-0.7161919,-1
748,749,1565954385420,-3.9626,-0.2809,0.5129,3.2592747,-6.89102,-1.0531996000000001,-1
749,750,1565954385430,-3.4591,-0.3636,0.1617,3.9422349999999997,-6.851353,-1.4673009,-1
750,751,1565954385441,-2.9269,-0.2191,-0.17099999,4.337642,-6.723972,-1.8504019,-1
751,752,1565954385451,-2.6548,-0.0471,-0.8734,4.507669,-6.578864,-2.632511,-1
752,753,1565954385461,-2.7724,-0.0753,-1.4747,4.228467,-6.5906725,-3.362024,-1
753,754,1565954385471,-3.0904,-0.0275,-2.1464,4.068352,-6.436351999999999,-3.8776300000000004,-1
754,755,1565954385481,-3.1532998,0.2174,-2.6262999,4.210405000000001,-6.173650299999999,-4.182029,-1
755,756,1565954385492,-2.8792,0.3775,-2.6929,4.5034933,-5.9834356,-3.9829366000000004,-1
756,757,1565954385502,-2.5609999,0.51199996,-2.292,4.8561497000000005,-5.959877,-3.5004377,-1
757,758,1565954385512,-2.2867,0.4348,-1.9519999,5.1313295,-6.045484,-3.2007318,-1
758,759,1565954385522,-1.9093,0.3714,-1.6439999,5.5682526,-6.091826,-3.0182838,-1
759,760,1565954385532,-1.5385,0.3108,-1.5669999,5.9078555,-6.1403227,-2.9584002000000003,-1
760,761,1565954385542,-1.0989,0.3002,-1.6606,6.402957,-6.04241,-3.1007402,-1
761,762,1565954385553,-0.7201,0.4754,-1.7421999,6.7497234,-5.8390174,-3.0493509999999997,-1
762,763,1565954385563,-0.5395,0.6389,-1.6790999,6.699388000000001,-5.773646,-3.0521379,-1
763,764,1565954385573,-0.68399996,0.6631,-1.6448,6.5859704,-5.7470989999999995,-2.86947,-1
764,765,1565954385583,-0.7883,0.6777,-1.2428,6.459633,-5.7971187,-2.254342,-1
765,766,1565954385593,-0.8591,0.55829996,-0.7366,6.515274,-5.9817886,-1.8104473,-1
766,767,1565954385604,-0.7676,0.4253,-0.4646,6.6691732,-6.102322,-1.6977953999999997,-1
767,768,1565954385614,-0.5329999999999999,0.2697,-0.3123,7.0260625,-6.371373,-1.6239296,-1
768,769,1565954385624,-0.18609999,0.0512,-0.3497,7.3598046,-6.389837,-1.7643734,-1
769,770,1565954385634,0.2216,0.0618,-0.56009996,7.8043504,-6.3411393,-2.0696917,-1
770,771,1565954385644,0.6192,0.1803,-0.784,7.983915299999999,-6.274503,-1.9987370999999998,d
771,772,1565954385654,0.79749995,0.2456,-0.72249997,7.956506699999999,-6.3283153,-1.8636370999999998,-1
772,773,1565954385665,0.68659997,0.1771,-0.6081,7.7415557,-6.4550743,-1.7934008000000001,-1
773,774,1565954385675,0.3947,-0.014699998999999998,-0.4991,7.4798694,-6.599933,-1.5139973999999998,-1
774,775,1565954385685,0.22809999,-0.0729,-0.22739999,7.493554,-6.554702000000001,-1.4605108,-1
775,776,1565954385695,0.2571,-0.0243,-0.22749999,7.5183964,-6.517352,-1.5182973,-1
776,777,1565954385705,0.2668,0.0046,-0.2847,7.466183999999999,-6.503964,-1.542201,-1
777,778,1565954385715,0.1497,-0.015,-0.3105,7.2509165,-6.6311917000000005,-1.4783813000000001,-1
778,779,1565954385726,0.023699999,-0.11229999,-0.2075,7.272263000000001,-6.696333,-1.3180081,-1
779,780,1565954385736,0.046499997,-0.1686,-0.0647,7.368634700000001,-6.631603699999999,-1.1245853000000001,-1
780,781,1565954385746,0.22219999,0.0156,0.2597,7.4473080000000005,-6.5182332999999995,-1.0022701999999999,-1
781,782,1565954385756,0.22219999,0.0156,0.2597,7.411040299999999,-6.570015,-1.0307039,-1
782,783,1565954385766,0.1468,-0.0393,0.3064,7.3631470000000006,-6.5852710000000005,-0.95385957,-1
783,784,1565954385777,0.16499999,0.058599997,0.2007,7.398227,-6.456405,-1.0678715,-1
784,785,1565954385787,0.14199999,0.1352,0.023799999,7.373634,-6.404202,-1.2158332,-1
785,786,1565954385797,0.01,0.1616,-0.1239,7.270137299999999,-6.392384,-1.3460011,-1
786,787,1565954385807,0.01,0.1616,-0.1239,7.173584,-6.3140655,-1.3229784,-1
787,788,1565954385817,-0.25349998,0.2627,-0.0111,6.9633536,-6.269428,-1.194017,-1
788,789,1565954385827,-0.3534,0.25149998,0.0245,6.879097,-6.273307,-1.1825056999999999,-1
789,790,1565954385837,-0.33339998,0.2427,0.0607,6.904399000000001,-6.29924,-1.114702,-1
790,791,1565954385848,-0.23349999,0.2253,0.2463,7.005242999999999,-6.3015870000000005,-0.9614443000000001,-1
791,792,1565954385858,-0.1231,0.2574,0.1292,7.1158166,-6.2658362,-1.1197107,-1
792,793,1565954385868,-0.0824,0.2591,-0.028299998,7.150580000000001,-6.2806807000000004,-1.2394973,-1
793,794,1565954385878,-0.053299997,0.29819998,0.117599994,7.170739,-6.2473339999999995,-1.0587159,-1
794,795,1565954385889,-0.1634,0.2862,0.1355,7.0751057,-6.2517586,-1.0632458999999999,-1
795,796,1565954385898,-0.3333,0.2732,0.0354,6.852684,-6.253061,-1.2108148,-1
796,797,1565954385908,-0.5316,0.25149998,-0.053999998,6.708869,-6.27617,-1.2620603000000001,-1
797,798,1565954385918,-0.59959996,0.1639,0.0733,6.647089500000001,-6.374773,-1.0730716,-1
798,799,1565954385928,-0.4576,0.16899999999999998,0.33929998,6.776683,-6.3658085,-0.8650825000000001,-1
799,800,1565954385938,-0.2923,0.2078,0.2503,6.947619,-6.3161244000000005,-1.0022224,-1
800,801,1565954385948,-0.19389999,0.2198,-0.0286,7.028696000000001,-6.3321943,-1.2176048000000002,-1
801,802,1565954385959,-0.14479999,0.074999996,-0.5947,7.056143799999999,-6.5197845,-1.8659451,-1
802,803,1565954385969,0.0703,-0.0413,-0.7669,7.385145,-6.603246700000001,-1.8738363,-1
803,804,1565954385979,0.4023,0.0263,-0.4219,7.6213665,-6.588757000000001,-1.5818778,-1
804,805,1565954385989,0.47619998,-0.14549999,-0.131,7.6588693,-6.733252,-1.3308122,d
805,806,1565954385999,0.4682,-0.3707,0.08339999599999999,7.6008244000000005,-7.0082307,-1.0830601,-1
806,807,1565954386010,0.36969998,-0.5979,-0.0079,7.591094,-7.244165,-1.3524367,-1
807,808,1565954386020,0.44669998,-0.7467,-0.33069998,7.6901470000000005,-7.36331,-1.633219,-1
808,809,1565954386030,0.72029996,-0.7765,-0.6486,8.057025,-7.3587226999999995,-1.9995990000000001,-1
809,810,1565954386040,1.0632,-0.7852,-1.0392,8.346167999999999,-7.390987,-2.33201,-1
810,811,1565954386050,1.4152,-0.76479995,-1.4226999,8.747129,-7.367533,-2.747059,-1
811,812,1565954386060,1.7737999,-0.78669995,-1.8177999,9.036809,-7.358119,-3.0768557,-1
812,813,1565954386071,1.9905,-0.7254,-2.3021,9.2122555,-7.2674365000000005,-3.7153509,-1
813,814,1565954386081,2.0739,-0.6798,-2.8867998,9.384208000000001,-7.155052700000001,-4.2779403,-1
814,815,1565954386091,2.2681,-0.5243,-3.2364,9.5643,-7.0010386,-4.4113164000000005,-1
815,816,1565954386101,2.3476,-0.3674,-3.3169999999999997,9.616387,-6.7550774,-4.372789,-1
816,817,1565954386111,2.2865999,-0.1575,-3.2559998,9.537044,-6.571451700000001,-4.3128285,-1
817,818,1565954386122,2.0681998999999998,-0.0072999996999999995,-3.1406,9.284121,-6.3848,-4.116188,-1
818,819,1565954386132,1.8184999,0.050899997,-2.8207998,9.110665,-6.247449400000001,-3.776183,-1
819,820,1565954386143,1.5182999,0.1563,-2.4547,8.785016,-6.091318,-3.33881,-1
820,821,1565954386153,1.1790999,0.20349999,-2.0462,8.4471655,-6.0304675,-2.851226,-1
821,822,1565954386163,0.91099995,0.2051,-1.7332,8.418099,-5.9739065,-2.5631652000000003,-1
822,823,1565954386174,0.8624,0.21169999,-1.4276999,8.367496000000001,-5.9222975,-2.2407044999999997,-1
823,824,1565954386183,0.7687,0.2042,-1.1881,8.355447999999999,-6.03492,-1.9537740000000001,-1
824,825,1565954386193,0.7367,0.043199997000000004,-0.87439996,8.410131,-6.173449,-1.6130886,-1
825,826,1565954386203,0.77419996,-0.0777,-0.6504,8.532331,-6.12319,-1.3876123,-1
826,827,1565954386213,0.90849996,-0.024699999,-0.3358,8.66905,-5.9140515,-0.93817276,-1
827,828,1565954386223,0.9601,0.1393,0.0023,8.653936999999999,-5.706647,-0.5346444,-1
828,829,1565954386234,0.8387,0.3523,0.57269996,8.264459,-5.3588934,0.51440865,-1
829,830,1565954386244,0.3577,0.59389997,1.4652,7.727342999999999,-5.085754,1.1858002,-1
830,831,1565954386254,-0.43129998,0.87729996,2.234,6.7796226,-4.759874,1.9096153000000002,-1
831,832,1565954386264,-1.2801,1.0212,2.6969,6.175546,-4.6731753,1.9739331000000002,-1
832,833,1565954386274,-2.086,1.0121,2.6569,5.6429996,-4.715831,1.8592987,-1
833,834,1565954386284,-2.7175999,0.777,2.5209,4.996048,-5.1526475,1.8856732,-1
834,835,1565954386294,-3.2105,0.2613,2.7407,4.8314223,-5.561079,2.3911467,-1
835,836,1565954386306,-3.2092998,-0.0415,3.2138999,5.0775559999999995,-5.657805000000001,2.7347145,-1
836,837,1565954386316,-2.1863,0.0089,4.4228997,5.762824,-5.584083000000001,3.5038470999999998,-1
837,838,1565954386326,-2.0103,0.2386,4.7412,6.0567364999999995,-5.289184,3.9273527,-1
838,839,1565954386336,-2.0103,0.2386,4.7412,5.88151,-5.1601653,4.076798999999999,-1
839,840,1565954386347,-3.0400999,0.4484,4.9407997,5.047973000000001,-5.055357,4.0824489999999996,-1
840,841,1565954386357,-3.0400999,0.4484,4.9407997,4.2396426,-4.9681315,3.9089843999999996,-1
841,842,1565954386367,-5.0274997,0.49109998,4.2879,3.0988824,-4.9607763,3.4206437999999997,-1
842,843,1565954386377,-5.7149997,0.2771,3.9833998999999998,2.347917,-5.1928606,3.1129696,-1
843,844,1565954386388,-5.9982,0.0598,4.0434,2.1445246,-5.3704339999999995,3.1443338,-1
844,845,1565954386398,-5.7862,-0.0502,4.0218,2.4218214,-5.496732700000001,3.052291,-1
845,846,1565954386408,-5.2379999999999995,0.0515,3.8474,2.8536297999999998,-5.4288807,2.8618755,-1
846,847,1565954386418,-4.6624,0.3184,3.7645,3.444203,-5.165471,2.6158952999999996,-1
847,848,1565954386428,-4.5253997,0.48839998,3.2763999,3.4949407999999997,-5.06909,2.1557009999999996,-1
848,849,1565954386439,-4.7022,0.48929998,2.6843998,3.1504629,-5.105367,1.3935977,-1
849,850,1565954386449,-5.1042,0.4484,2.4036,2.8278012,-5.18789,1.1238288,-1
850,851,1565954386459,-5.4639,0.3788,2.1883,2.3346052000000004,-5.332557700000001,0.73054755,-1
851,852,1565954386469,-5.7892,0.2747,2.1022,1.8984966,-5.5125150000000005,0.6708936,-1
852,853,1565954386480,-6.166,0.1099,2.2603,1.4973433,-5.742167,0.7614711,-1
853,854,1565954386490,-6.5435996,-0.1219,2.6378999,1.1844116000000002,-5.9564580000000005,1.0113778,-1
854,855,1565954386500,-6.7932997,-0.5453,2.9048998,0.83530825,-6.5685306,1.1043111,-1
855,856,1565954386510,-6.6092,-0.96099997,2.2433,1.1408274999999999,-7.069033599999999,0.04354574,-1
856,857,1565954386520,-5.8808,-1.0442,0.9607,1.7378552,-7.1937237000000005,-1.1408466999999998,-1
857,858,1565954386530,-4.8448,-1.1033,-0.5555,2.926155,-7.380184,-2.9574234,-1
858,859,1565954386541,-3.6536998999999994,-1.0196999,-1.9187,3.7502582,-7.423251,-4.0263767,-1
859,860,1565954386551,-2.7745,-1.0766,-2.9278998,4.479426999999999,-7.7047419999999995,-5.0895457,-1
860,861,1565954386561,-2.2616,-1.2120999,-3.3154,4.909033,-7.874845,-5.180171499999999,-1
861,862,1565954386571,-1.8325,-1.1518999,-3.1225,5.161104,-7.9151735,-5.080333,-1
862,863,1565954386582,-1.5281999,-1.1896,-3.2777,5.292478599999999,-8.188773,-5.726058999999999,-1
863,864,1565954386592,-1.3182,-1.3515999,-4.0295997,5.390075700000001,-8.3224745,-6.311508,-1
864,865,1565954386602,-1.0303999,-1.3398,-4.4404,5.7370725,-8.372869,-6.445114,-1
865,866,1565954386612,-0.5344,-1.3761,-4.3466997,6.144872,-8.573818,-6.3742747,-1
866,867,1565954386622,0.2577,-1.4972999,-4.0719,7.118182000000001,-8.779509,-5.969032299999999,-1
867,868,1565954386632,1.1623,-1.5626999,-3.8857,7.70298,-8.966707000000001,-5.8881755,-1
868,869,1565954386643,1.9368999,-1.8159,-3.9253,8.530694,-9.470312,-6.11164,-1
869,870,1565954386653,2.8163998,-2.1513,-4.2657,9.101892,-9.862703,-6.409009999999999,-1
870,871,1565954386663,3.5935,-2.3959,-4.7339997,9.794189999999999,-10.203207,-6.8092914,-1
871,872,1565954386673,4.2237,-2.5159,-5.1401,10.285108000000001,-10.295661,-7.2635674,-1
872,873,1565954386683,4.71,-2.4485,-5.6271,10.354692,-10.287769,-7.601514,-1
873,874,1565954386693,4.8124,-2.2758,-6.0228996,10.238593,-10.230692,-7.6997046000000005,-1
874,875,1565954386703,4.7756,-2.1262,-6.1238,10.157123,-9.99991,-7.7034397,-1
875,876,1565954386714,4.8254,-1.7052,-6.0227,10.029531500000001,-9.533328,-7.1806225999999995,-1
876,877,1565954386724,4.7165,-1.3255999,-5.5235996,9.791423,-9.49075,-6.6060333,-1
877,878,1565954386734,4.4975,-1.2313,-4.7597,9.548077000000001,-9.357603,-5.6933446,-1
878,879,1565954386744,4.3963,-1.0562,-4.0506997,9.3941965,-9.205159,-5.201154,-1
879,880,1565954386754,4.2578,-0.94479996,-3.5115,9.206539,-9.238535,-4.611673000000001,-1
880,881,1565954386764,4.1622,-0.9540000000000001,-3.0772998,9.231161,-9.370358999999999,-4.3691597,-1
881,882,1565954386774,4.2792,-1.1115999,-2.8645,9.368568,-9.533155,-4.0349865,-1
882,883,1565954386785,4.435,-1.1815,-2.6136,9.418348,-9.50817,-3.8866034,-1
883,884,1565954386795,4.5492,-1.0771998999999999,-2.4476,9.521836,-9.481163,-3.5168333,-1
884,885,1565954386805,4.6561,-1.0569,-2.1476998,9.451877,-9.406033500000001,-3.223716,-1
885,886,1565954386815,4.4839997,-0.93189996,-1.7663,9.031187,-9.44413,-2.5748203,-1
886,887,1565954386825,4.1138997,-1.0378,-1.1615,8.912426,-9.462182,-1.5577826000000001,-1
887,888,1565954386836,4.0463,-1.0335,-0.25599998,9.173766,-9.161537,-0.8818898000000001,-1
888,889,1565954386846,4.3889,-0.2669,1.0473,9.314642,-8.665324,-0.2705448,-1
889,890,1565954386856,4.3889,-0.2669,1.0473,9.040716,-8.48891,-0.09455181,-1
890,891,1565954386866,3.9731,-0.0933,1.2502999,8.358139,-8.39795,0.032551567999999996,-1
891,892,1565954386876,3.3109,-0.0739,1.3445,7.9096384,-8.559118,0.029879637,-1
892,893,1565954386886,2.7356,-0.3768,1.4211,7.9145417,-8.613178,0.08486966,-1
893,894,1565954386897,2.7356,-0.3768,1.4211,8.163538,-8.565467,0.32994014,-1
894,895,1565954386907,2.9586,-0.3715,1.7931,8.358868,-8.527419,0.7056383,-1
895,896,1565954386917,2.7389,-0.6508,3.1181997999999997,8.033294,-8.783961999999999,1.8414188999999999,-1
896,897,1565954386927,2.2436,-1.064,3.9447,7.661685,-9.108500999999999,2.449115,-1
897,898,1565954386937,1.9425,-1.4093,4.4786997,7.431056,-9.443192,3.023168,-1
898,899,1565954386947,1.8646,-1.431,4.7149,7.4287868,-9.375378,3.1627789,-1
899,900,1565954386958,1.7624999,-1.3757,4.417,7.418242,-9.304931,2.9461992,-1
900,901,1565954386968,1.357,-1.4627999,3.9977998999999995,7.069953,-9.297001,2.4454472000000003,-1
901,902,1565954386978,0.90459996,-1.3899,3.8716,6.642799,-9.094700999999999,2.3315408,-1
902,903,1565954386988,0.31919998,-1.1474999,3.8693998,6.2210746,-8.845828,2.3306787,-1
903,904,1565954386998,-0.40609998,-0.9206,4.0323,5.479849,-8.47533,2.5903347,-1
904,905,1565954387008,-1.1797,-0.64809996,4.4111,4.6576605,-8.039921000000001,2.999542,-1
905,906,1565954387019,-1.8908,-0.30679998,4.6363,4.219991,-7.6722383,3.0369394,-1
906,907,1565954387029,-2.2921999,0.116299994,4.4073997,3.9819980000000004,-7.26623,2.8077188,-1
907,908,1565954387039,-2.7351,0.38779998,4.0575,3.5527269999999995,-6.886251,2.3695033,-1
908,909,1565954387049,-3.1597,0.4209,3.7047,3.0962389999999997,-6.803584,1.9762508,-1
909,910,1565954387059,-3.5444,0.3938,3.4285997999999998,2.9006712,-6.8063416,1.7117584,-1
910,911,1565954387069,-3.6927998,0.31689999,3.1717,2.8421187000000003,-6.819625,1.5376426,-1
911,912,1565954387079,-3.7129998,0.3664,2.9061,2.8985355,-6.7084866,1.2074918,-1
912,913,1565954387089,-3.7440998999999997,0.36429998,2.7798998,2.7779732000000004,-6.789132,1.1092241000000003,-1
913,914,1565954387099,-3.9856,0.1314,2.6252,2.5504184,-6.9389899999999995,0.8687216999999998,-1
914,915,1565954387109,-4.2225,-0.0286,2.3723,2.3227682,-7.069186999999999,0.6206537,-1
915,916,1565954387120,-4.5113,-0.036199998,2.2900999,2.1101537,-7.047477000000001,0.5563933000000001,-1
916,917,1565954387130,-4.8325,-0.1559,2.1433,1.7519906000000003,-7.183802,0.38063976,-1
917,918,1565954387141,-5.0878997,-0.10300000000000001,1.9497,1.5600809,-7.0664196,0.1982016,-1
918,919,1565954387151,-5.2574,0.1823,1.6781,1.4043525,-6.7147875,-0.3110834,-1
919,920,1565954387161,-5.4007,0.38639998,1.1582999,1.2231785,-6.611387,-0.7255963000000001,-1
920,921,1565954387171,-5.5376,0.4701,0.71279997,1.0835487,-6.478690599999999,-1.3179983999999998,-1
921,922,1565954387181,-5.5099,0.6301,0.1182,1.1268646,-6.421517,-2.0770755000000003,-1
922,923,1565954387192,-5.3357,0.5529999999999999,-0.456,1.3451871000000002,-6.5454793,-2.4540567,-1
923,924,1565954387202,-4.9353,0.4838,-0.9367,1.9678806,-6.6198435,-3.2025514,-1
924,925,1565954387212,-4.1819,0.5492,-1.55,2.5924034,-6.5173426,-3.7017519999999995,-1
925,926,1565954387222,-3.4027998,0.6583,-2.2019,3.3527346,-6.626863,-4.4277315,-1
926,927,1565954387232,-2.7696998,0.4843,-2.6534998,4.115891,-7.0701350000000005,-4.746524,-1
927,928,1565954387242,-2.0212998,0.1831,-2.7835999,4.7240085999999994,-7.2394050000000005,-4.5809120000000005,-1
928,929,1565954387253,-1.1089,-0.00029999999,-2.5732,5.5558505,-7.4913419999999995,-4.342028,-1
929,930,1565954387263,-0.0019999999,-0.1634,-2.2666,6.6998,-7.731317999999999,-4.06704,-1
930,931,1565954387273,0.83769995,-0.3945,-2.2082999,7.1718698000000005,-8.064188,-4.178064,-1
931,932,1565954387283,1.3411,-0.82189995,-2.4677,7.704789999999999,-8.537455,-4.424791,-1
932,933,1565954387294,1.931,-1.0241,-2.6466,8.429046000000001,-8.612222000000001,-4.420778299999999,-1
933,934,1565954387304,2.5986,-0.97279996,-2.6794,8.82429,-8.444522000000001,-4.4041533,-1
934,935,1565954387314,2.9977,-0.70989996,-2.6523,8.953089,-8.23478,-4.1720877,-1
935,936,1565954387324,3.0274,-0.52169997,-2.4972,8.7643385,-8.183698,-4.0761285,-1
936,937,1565954387335,2.8137999,-0.4576,-2.4413,8.601083000000001,-8.143245,-3.940042,-1
937,938,1565954387345,2.7614,-0.3108,-2.3715,8.527361,-7.986644999999999,-3.8611480000000005,-1
938,939,1565954387355,2.7358,-0.1977,-2.3511,8.422647999999999,-8.031042999999999,-3.8127375,-1
939,940,1565954387365,2.6292,-0.2164,-2.3092,8.289474,-7.971696000000001,-3.5593927000000005,-1
940,941,1565954387376,2.5398,-0.1416,-2.1064,8.165463,-7.9311953,-3.2699623,-1
941,942,1565954387386,2.3974,-0.08109999400000001,-1.7580999,7.8248067,-7.902474400000001,-2.8399541,-1
942,943,1565954387396,2.1027,-0.0543,-1.3975999,7.4724565,-7.873648599999999,-2.476122,-1
943,944,1565954387406,1.6459,-0.011299999,-0.95019996,7.0419407000000005,-7.925343499999999,-2.2928216,-1
944,945,1565954387416,1.1462,-0.12709999,-0.7726,6.492931400000001,-8.0794735,-1.9199582,-1
945,946,1565954387426,0.5004,-0.2771,-0.108799994,6.2187,-8.135535,-1.5105018999999997,-1
946,947,1565954387437,0.45459998,-0.3099,-0.044099998,6.1847496,-8.165865,-1.4326712,d
947,948,1565954387447,0.5464,-0.2829,-0.0127,6.256336,-8.156212,-1.3611611000000001,-1
948,949,1565954387457,0.608,-0.1489,-0.0499,6.3218513,-7.983274000000001,-1.4264653,-1
949,950,1565954387467,0.617,0.0313,-0.25239998,6.327042,-7.854236,-1.5450168,-1
950,951,1565954387477,0.43539998,0.168,-0.2814,6.063038,-7.6795073,-1.558836,-1
951,952,1565954387487,0.0447,0.14379999,-0.41799998,5.772286,-7.734066499999999,-1.6864566000000003,-1
952,953,1565954387497,-0.22999999,-0.0106,-0.3974,5.496704,-7.8545136,-1.6133950000000001,-1
953,954,1565954387508,-0.22999999,-0.0106,-0.3974,5.52824,-7.8616004,-1.4330542,-1
954,955,1565954387518,-0.1698,0.0501,0.0903,5.591304,-7.749044400000001,-1.1357518,-1
955,956,1565954387528,-0.18949999,0.2268,0.2809,5.565446400000001,-7.622985000000001,-1.0334524,-1
956,957,1565954387538,-0.32889998,0.3154,0.2958,5.3978043,-7.5063105,-1.0628915,-1
957,958,1565954387548,-0.6058,0.2678,0.09559999400000001,5.1775665,-7.5600557,-1.2149329,-1
958,959,1565954387558,-0.7515,0.1849,-0.0713,5.0546484000000005,-7.6270647,-1.4062966000000001,-1
959,960,1565954387569,-0.606,0.2543,-0.162,5.2735744,-7.586239,-1.4308324,-1
960,961,1565954387578,-0.3076,0.1907,-0.065799996,5.553456,-7.627859599999999,-1.2921124,-1
961,962,1565954387588,-0.0061,0.24659999,0.1997,5.7751209999999995,-7.591908,-1.0702848,-1
962,963,1565954387598,0.1087,0.23339999,0.2996,5.8661010000000005,-7.6401277,-0.9639056,-1
963,964,1565954387608,0.043899997999999996,0.17909999,0.25,5.815305,-7.669987700000001,-1.0034386999999998,-1
964,965,1565954387618,0.0154,0.1328,0.0212,5.775485,-7.7131023,-1.2290778,-1
965,966,1565954387629,0.024,0.1929,-0.1004,5.794188500000001,-7.659147,-1.3245586,-1
966,967,1565954387639,-0.0177,0.22209999,-0.0626,5.7403092000000004,-7.6250057,-1.2296715,-1
967,968,1565954387649,-0.0999,0.1616,0.24419999,5.6789026,-7.6886053,-0.96071655,-1
968,969,1565954387659,-0.24059999,0.081199996,0.43609998,5.515781400000001,-7.7826495,-0.7536181,-1
969,970,1565954387669,-0.2913,0.070999995,0.48,5.5144405,-7.760728,-0.6831998,-1
970,971,1565954387680,-0.2121,0.13159999,0.4522,5.603179,-7.687475,-0.7052456,-1
971,972,1565954387690,-0.1104,0.24409999,0.33159998,5.665973999999999,-7.609041,-0.84608215,-1
972,973,1565954387700,-0.036399997999999996,0.2996,0.1769,5.7484589999999995,-7.539273700000001,-1.0121344,-1
973,974,1565954387710,-0.058799997,0.3074,0.079799995,5.651858,-7.6395526,-1.2030097,-1
974,975,1565954387720,-0.0307,0.2083,-0.2025,5.7645288,-7.6925607000000005,-1.372366,-1
975,976,1565954387730,0.11639999599999999,0.1193,-0.2647,5.9285417,-7.7850722999999995,-1.3399771,-1
976,977,1565954387741,0.28329998,0.1273,-0.1424,6.0179887,-7.781979,-1.2013242,-1
977,978,1565954387751,0.2715,0.0349,0.1512,5.935226,-7.914484,-0.8090678000000001,-1
978,979,1565954387761,0.1683,-0.0301,0.46399999999999997,5.8860874,-7.9424095,-0.57949257,-1
979,980,1565954387771,0.1909,-0.0469,0.56769997,5.942016000000001,-7.992219,-0.59765977,-1
980,981,1565954387781,0.31149998,-0.18069999,0.3118,6.1988564,-8.169169,-0.84877324,d
981,982,1565954387791,0.62119997,-0.3214,0.1677,6.4535995,-8.358089999999999,-0.93408346,-1
982,983,1565954387802,1.0224,-0.61649996,-0.0075999996999999994,7.037095,-8.715228999999999,-1.2471972,-1
983,984,1565954387812,1.6352999,-0.9162,-0.4175,7.597683,-8.931263000000001,-1.5995853,-1
984,985,1565954387822,2.3858,-1.1072,-0.7622,8.415935000000001,-9.222274,-1.9055355999999999,-1
985,986,1565954387832,2.9087,-1.4561,-0.9733,8.749907499999999,-9.581653,-2.13128,-1
986,987,1565954387842,3.3844,-1.8211,-1.4642,9.529411,-9.838982000000001,-2.7446268,-1
987,988,1565954387853,4.0764,-1.9188999,-1.9202,10.052017,-9.865624,-3.0223157000000005,-1
988,989,1565954387863,4.6391,-1.8985,-2.1238,10.601037,-9.766810000000001,-3.110202,-1
989,990,1565954387873,4.9326,-1.8792,-2.1766,10.846615,-9.662768,-3.162616,-1
990,991,1565954387884,5.0245,-1.7731999,-2.1627998,10.805683,-9.552826,-3.1119833,-1
991,992,1565954387894,4.8966,-1.7169,-2.0758,10.706305,-9.335873,-3.1095029999999997,-1
992,993,1565954387904,4.6903,-1.5798,-2.1430000000000002,10.673945,-9.155763,-3.310635,-1
993,994,1565954387914,4.6352,-1.3691,-2.5514997999999998,10.781089999999999,-8.85145,-4.0604224,-1
994,995,1565954387924,4.665499700000001,-1.2004,-3.2726998,10.912139999999999,-8.690377999999999,-4.688689,-1
995,996,1565954387934,4.7114,-1.0753,-3.9787998,11.07982,-8.472218,-4.9604893,-1
996,997,1565954387945,4.7517,-0.97749996,-4.0692,10.943839,-8.292634,-4.87899,-1
997,998,1565954387955,4.5094,-0.91999996,-3.9973998,10.6616,-8.220569,-4.4529185,-1
998,999,1565954387965,4.0127997,-0.9342,-3.2916,10.221259,-8.090841000000001,-3.5193233,-1
999,1000,1565954387975,3.2031,-0.80509996,-2.1094,9.380252,-7.5944366,-2.1648755,-1
1000,1001,1565954387985,2.4645,-0.4723,-1.0109,8.473932000000001,-7.013497999999999,-1.1676713,-1
1001,1002,1565954387996,1.5345,-0.12889999,-0.1938,7.794630000000001,-6.6035914,-0.8771110000000001,-1
1002,1003,1565954388006,0.5733,0.2086,0.20809999,7.1715727,-6.2998915,-0.6000061,-1
1003,1004,1565954388016,-0.3954,0.466,0.5403,6.1403995,-5.7568,-0.16330372,-1
1004,1005,1565954388026,-2.1295,0.97639996,0.8265,5.342699,-5.3345975999999995,-0.12771629,-1
1005,1006,1565954388036,-2.1295,0.97639996,0.8265,4.9504529999999995,-5.087343,-0.028835766000000002,-1
1006,1007,1565954388046,-2.6857998,1.1747999,0.92029995,4.480385,-4.667266400000001,0.61892027,-1
1007,1008,1565954388056,-3.8411998999999994,1.5976,2.0112997999999997,4.0507402,-4.3776255,1.0492350000000001,-1
1008,1009,1565954388066,-3.8411998999999994,1.5976,2.0112997999999997,3.2682097000000003,-4.067787,1.9324558999999997,-1
1009,1010,1565954388076,-4.5989,1.7327,2.7956,2.5208645,-4.1409445,2.646292,-1
1010,1011,1565954388086,-6.6238,1.2655,4.0526,1.3982137,-4.3270406999999995,3.1846714,-1
1011,1012,1565954388096,-6.6238,1.2655,4.0526,0.808656,-4.6457185999999995,3.0949367999999997,-1
1012,1013,1565954388106,-7.6762996,0.2005,3.6578998999999994,0.44175893,-5.2515089999999995,2.7956328,-1
1013,1014,1565954388116,-7.4891,-0.22,3.4542,0.78827655,-5.692042,2.5373653999999997,-1
1014,1015,1565954388127,-6.8743,-0.4019,3.3126,1.2650484,-5.826204,2.4381592,-1
1015,1016,1565954388137,-6.1618,-0.48200000000000004,3.2821998999999997,2.152943,-5.921589,2.4718409,-1
1016,1017,1565954388147,-5.6818,-0.4217,3.4740998999999997,2.4358993,-5.866828400000001,2.5841672000000004,-1
1017,1018,1565954388157,-5.7044997,-0.3168,3.3953998,2.3127415,-5.773378,2.4507432000000002,-1
1018,1019,1565954388167,-6.4091,-0.34739998,3.3855,1.7063380000000001,-5.799906,2.4428997000000003,-1
1019,1020,1565954388178,-7.292000000000001,-0.4504,3.4991,0.6643143,-5.9105754,2.530748,-1
1020,1021,1565954388188,-7.9944997,-0.5884,3.4254,0.11639651,-6.0266557,2.4302007999999997,-1
1021,1022,1565954388198,-8.088699,-0.6053,3.2408997999999998,0.054032344,-6.0194254,2.1931367,-1
1022,1023,1565954388208,-7.6035,-0.3008,3.1088998,0.46382390000000007,-5.803076,2.018925,-1
1023,1024,1565954388218,-6.924299700000001,0.15959999,2.9219,1.2169248,-5.313269999999999,1.7871566000000003,-1
1024,1025,1565954388228,-6.3963,0.551,2.8049998,1.5883038,-5.039842,1.6222919,-1
1025,1026,1565954388239,-6.2763995999999995,0.74039996,2.6289999999999996,1.6248201999999998,-4.917709400000001,1.3702973,-1
1026,1027,1565954388249,-6.4961,0.70809996,2.4608998,1.2300738000000002,-5.1289544000000005,1.0225826999999998,-1
1027,1028,1565954388259,-6.8178997,0.36879998,2.055,0.94233865,-5.5328465,0.62288505,-1
1028,1029,1565954388269,-6.9525,0.0315,1.689,0.8443296,-6.050521,0.17844464,-1
1029,1030,1565954388279,-6.6801,-0.4181,1.4282,1.0615507,-6.526086299999999,-0.100068055,-1
1030,1031,1565954388290,-5.9992,-0.94119996,0.9106,1.5599181999999998,-7.0312247,-0.59034306,-1
1031,1032,1565954388300,-4.9010997000000005,-0.992,0.4804,2.828194,-7.208539,-1.1765872,-1
1032,1033,1565954388310,-3.7031998999999995,-0.92939997,0.0894,3.9458453999999996,-7.3592395999999995,-1.8776,-1
1033,1034,1565954388320,-2.9103,-0.9547,-0.56259996,4.392661,-7.4927692,-2.4550622000000004,-1
1034,1035,1565954388330,-2.33,-1.0314,-1.2274,4.8656120000000005,-7.779182400000001,-3.4491824999999996,-1
1035,1036,1565954388340,-1.7196,-1.1302,-2.1188,5.2956294999999995,-7.888645599999999,-4.277031,-1
1036,1037,1565954388351,-1.0013,-1.2407,-3.0835,6.0107203,-8.171257,-5.2451887,-1
1037,1038,1565954388361,-0.31239998,-1.334,-3.3627,6.525148000000001,-8.438075999999999,-5.210635,-1
1038,1039,1565954388371,0.22929999,-1.4004999,-3.0033998,6.862261,-8.529639999999999,-4.9003468,-1
1039,1040,1565954388381,0.6821,-1.4879,-2.8356,7.163068300000001,-8.905903,-5.067443,-1
1040,1041,1565954388391,1.015,-1.7321,-3.3583,7.293945,-9.265436,-5.691237999999999,-1
1041,1042,1565954388401,1.4559,-1.9844998999999999,-4.2267,7.8120027,-9.641814,-6.5707911999999995,-1
1042,1043,1565954388412,2.1942,-2.1468,-4.7957,8.399308999999999,-9.738234,-6.893136500000001,-1
1043,1044,1565954388422,3.0425,-2.0158,-5.1484,9.167542,-9.684948,-7.161353999999999,-1
1044,1045,1565954388432,3.7013998,-1.8406999,-5.3030996,9.432829,-9.639171000000001,-7.149728,-1
1045,1046,1565954388442,3.9011,-1.8116,-5.3472,9.330691999999999,-9.895619,-7.0598016,-1
1046,1047,1565954388452,3.9253,-1.9682,-5.267299700000001,9.315149,-10.087337,-6.9383106,-1
1047,1048,1565954388462,4.0615,-2.0340000000000003,-5.1091,9.363311999999999,-10.206309,-6.608714999999999,-1
1048,1049,1565954388473,4.1935997,-2.0465999,-4.9618,9.460286,-10.314594,-6.408732,-1
1049,1050,1565954388483,4.4395,-2.0540000000000003,-4.8273997,9.666446,-10.357547,-6.174637000000001,-1
1050,1051,1565954388493,4.8476996,-1.9884,-4.6348,10.011584,-10.311903,-5.9930129999999995,-1
1051,1052,1565954388503,5.1610000000000005,-1.8608999,-4.6064,9.995505,-10.371174,-5.9123564,-1
1052,1053,1565954388513,5.2297997,-1.9670999,-4.5536,10.010579,-10.467536,-5.6712604,-1
1053,1054,1565954388524,5.3364,-1.9159,-4.3644,10.037327000000001,-10.4281845,-5.423652,-1
1054,1055,1565954388534,5.4104,-1.8058,-4.0762997,10.005005,-10.283613,-4.7702365,-1
1055,1056,1565954388544,5.422000000000001,-1.6664,-3.4410000000000003,9.940361,-10.202717999999999,-4.018026,-1
1056,1057,1565954388556,5.3405,-1.5274,-2.4764,9.690713,-10.060101,-2.948172,-1
1057,1058,1565954388566,4.8019,-1.4225999,-1.1193,9.3063965,-10.069092999999999,-2.287832,-1
1058,1059,1565954388576,4.7309,-1.3357999,-0.6369,9.235557,-10.015616,-1.9139056,-1
1059,1060,1565954388586,4.9149,-1.1172999,-0.28849998,9.442674,-9.757723,-1.4597064,-1
1060,1061,1565954388596,4.9217,-0.87549996,-0.07279999599999999,9.498994999999999,-9.559951,-1.2873719,-1
1061,1062,1565954388606,4.6610000000000005,-0.7295,0.2563,9.236562,-9.33076,-0.9477687,-1
1062,1063,1565954388617,4.6610000000000005,-0.7295,0.2563,8.937335000000001,-9.122886,-0.73385155,-1
1063,1064,1565954388627,3.7891998,-0.4516,1.1442,8.473463,-8.99425,-0.11473015,-1
1064,1065,1565954388637,3.4412,-0.4041,1.9373,8.236953999999999,-8.915088,0.5139106,-1
1065,1066,1565954388647,3.0806,-0.43789998,2.5654,7.893424499999999,-8.89284,1.2584978,-1
1066,1067,1565954388658,2.8153,-0.6207,3.1116998,7.6509203999999995,-9.056432000000001,1.8396183999999998,-1
1067,1068,1565954388668,2.4987,-0.8049,3.6236,7.458771700000001,-9.167494,2.2493142999999995,-1
1068,1069,1565954388678,2.1118,-1.0294,3.8939,7.091050599999999,-9.420608999999999,2.5004372999999998,-1
1069,1070,1565954388688,1.8212999,-1.3722999,3.9610000000000003,6.915431,-9.639448,2.5424889999999998,-1
1070,1071,1565954388698,1.7250999,-1.3736,4.1429,6.915431,-9.549158,2.7410544999999997,-1
1071,1072,1565954388708,1.6538999,-1.1236,4.1956,6.905146,-9.28323,2.7426060000000003,-1
1072,1073,1565954388719,1.2221999,-0.97749996,4.1489,6.439157499999999,-9.062283500000001,2.6893015,-1
1073,1074,1565954388728,0.4985,-0.93619996,4.1618,5.943787599999999,-8.971467,2.6878457,-1
1074,1075,1565954388738,-0.2101,-0.80219996,4.2355,5.2321253,-8.7121935,2.8337482999999994,-1
1075,1076,1565954388748,-0.77239996,-0.5632,4.5077,4.865889,-8.453189,2.9982493,-1
1076,1077,1565954388758,-1.3419,-0.3049,4.7317,4.28677,-8.090380999999999,3.2218676,-1
1077,1078,1565954388768,-1.9453,-0.0836,4.8466997,3.76425,-7.6984887,3.3263218,-1
1078,1079,1565954388778,-2.3943,0.152,4.7618,3.4532529999999997,-7.49954,3.121407,-1
1079,1080,1565954388789,-2.8843,0.19739999,4.3766,3.1220295,-7.414181699999999,2.8111662999999996,-1
1080,1081,1565954388799,-3.2380998,0.19049999,4.0464,2.7960062000000003,-7.3327985,2.434568,-1
1081,1082,1565954388809,-3.2380998,0.19049999,4.0464,2.6141427000000004,-7.323135400000001,2.2543037,-1
1082,1083,1565954388819,-3.6978,0.0938,3.6323,2.494605,-7.347460300000001,2.0101430000000002,-1
1083,1084,1565954388829,-3.7621,0.12329999,3.3962,2.449479,-7.2630315,1.755151,-1
1084,1085,1565954388839,-3.8983,0.2061,3.2419999,2.3301327,-7.1604443,1.593437,-1
1085,1086,1565954388850,-4.1863,0.322,3.0202,1.9775628,-6.999631,1.2633531,-1
1086,1087,1565954388860,-4.6559,0.34379998,2.5425,1.5762753,-6.970307000000001,0.8158003,-1
1087,1088,1565954388870,-5.1882997,0.39069998,1.9448999,1.0445997999999999,-6.8853793,0.11637736,-1
1088,1089,1565954388880,-5.5164,0.48369998,1.4362,0.834159,-6.791048,-0.3001946,-1
1089,1090,1565954388890,-5.6671,0.5654,1.0978999,0.6525635999999999,-6.6385274,-0.7393103,-1
1090,1091,1565954388900,-5.7767,0.7252,0.8807,0.49631800000000004,-6.554653599999999,-0.8448466999999998,-1
1091,1092,1565954388911,-5.9484,0.6920000000000001,0.8943,0.33675882,-6.660765,-0.90327483,-1
1092,1093,1565954388921,-5.9904,0.5257,0.662,0.49292782,-6.950061,-1.4177697,-1
1093,1094,1565954388931,-5.620199700000001,0.3383,0.0909,0.9013787,-7.148310700000001,-2.0253031000000004,-1
1094,1095,1565954388941,-4.9030000000000005,0.2026,-0.7714,1.8790845,-7.286618700000001,-3.061188,-1
1095,1096,1565954388951,-3.9199998,0.15429999,-1.6180999,2.6222255000000003,-7.3511567,-3.6211152,-1
1096,1097,1565954388961,-2.9522,0.0695,-2.093,3.5652727999999994,-7.6003169999999995,-3.993471,-1
1097,1098,1565954388972,-2.1034,-0.1153,-2.2554,4.132948000000001,-7.749054400000001,-3.9165502,-1
1098,1099,1565954388982,-1.4152,-0.20529999,-2.0591,4.8054879999999995,-7.988963,-3.5493273999999997,-1
1099,1100,1565954388992,-0.7999,-0.4059,-1.7128999,5.246644,-8.214936,-3.2989898,-1
1100,1101,1565954389002,-0.2661,-0.5884,-1.5124999,5.777697,-8.466356,-3.3756042,-1
1101,1102,1565954389012,0.3454,-0.78999996,-2.0073,6.3273964000000005,-8.66612,-3.9064083,-1
1102,1103,1565954389022,1.1920998999999999,-0.8936,-2.7337,7.012282000000001,-8.779067999999999,-4.4277215,-1
1103,1104,1565954389032,2.0565,-0.8922,-3.0749998,7.903527700000001,-8.784824,-4.741736,-1
1104,1105,1565954389043,2.6511998,-0.75879997,-3.2545998,8.373538,-8.692811,-4.7280793,-1
1105,1106,1565954389053,2.9136999,-0.6816,-3.0976,8.315407,-8.67947,-4.4164305,-1
1106,1107,1565954389063,2.8244998,-0.6505,-2.8795998,8.192929,-8.593402000000001,-4.1794715,-1
1107,1108,1565954389073,2.6703,-0.49629998,-2.5834,8.037258,-8.445872,-3.6866489999999996,-1
1108,1109,1565954389083,2.6213,-0.3637,-2.1994,7.986262299999999,-8.409106,-3.2976968,-1
1109,1110,1565954389094,2.5902998,-0.281,-1.7103,7.811016,-8.381917999999999,-2.7549217,-1
1110,1111,1565954389104,2.4211,-0.2574,-1.3526,7.6103916,-8.463598,-2.5971724999999997,-1
1111,1112,1565954389114,2.2115,-0.3714,-1.2261,7.405142,-8.581278,-2.5501504,-1
1112,1113,1565954389124,2.0888999,-0.41700000000000004,-1.2710999,7.341867,-8.623043,-2.534138,-1
1113,1114,1565954389135,2.0232,-0.41509998,-1.2584,7.346646000000001,-8.587552,-2.3592846,-1
1114,1115,1565954389145,2.0721,-0.35709998,-1.1640999,7.3323293000000005,-8.470791,-2.2576172000000003,-1
1115,1116,1565954389155,2.0169,-0.1864,-1.1135,7.095964,-8.288860000000001,-2.2778914,-1
1116,1117,1565954389165,1.7874999,-0.0411,-1.2222998999999999,6.721060799999999,-8.137537,-2.6010513,-1
1117,1118,1565954389175,1.4813,0.0975,-1.5084,6.4741800000000005,-8.012119,-2.592767,-1
1118,1119,1565954389185,1.1389999,0.22049999,-1.3996998999999999,6.030764,-8.081091,-1.9150741000000002,-1
1119,1120,1565954389196,0.4432,0.0733,-0.1645,5.7693653,-8.100284,-1.3849499,-1
1120,1121,1565954389206,0.4432,0.0733,-0.1645,5.599885,-8.173948,-0.92135584,d
1121,1122,1565954389216,0.18239999,0.0039,0.34919998,5.386417400000001,-8.1760645,-0.7111162,-1
1122,1123,1565954389226,-0.040599998,0.1063,0.1461,5.273986,-8.082049000000001,-0.93346095,-1
1123,1124,1565954389236,-0.040599998,0.1063,0.1461,5.168191,-8.033026,-1.0667605,-1
1124,1125,1565954389247,-0.3464,0.1664,-0.19999999,4.9957123,-8.008892,-1.2304951000000002,-1
1125,1126,1565954389257,-0.4321,-0.041699997999999995,-0.1603,4.8997720000000005,-8.238266000000001,-1.1385865,-1
1126,1127,1565954389267,-0.33789998,-0.22899999,0.0521,5.0100875,-8.401551,-0.9481421999999998,-1
1127,1128,1565954389277,-0.045199998,-0.32709998,0.1329,5.2437997,-8.507193,-0.89888865,-1
1128,1129,1565954389287,0.3154,-0.22029999,0.13939999,5.660582499999999,-8.397126,-0.85557276,-1
1129,1130,1565954389297,0.3768,-0.0973,0.2066,5.746821400000001,-8.289242999999999,-0.8048635999999999,-1
1130,1131,1565954389307,0.0884,-0.0084999995,0.40399998,5.4641237,-8.165435,-0.5850375,-1
1131,1132,1565954389318,-0.44039997,-0.0016999998999999999,0.6516,4.856571,-8.11779,-0.28138575,-1
1132,1133,1565954389328,-0.7438,0.1621,0.7793,4.6728883,-7.968621700000001,-0.21728817,-1
1133,1134,1565954389338,-0.92569995,0.27019998,0.6083,4.488803,-7.852943400000001,-0.447438,-1
1134,1135,1565954389348,-0.9055,0.1867,0.304,4.539177,-7.929787599999999,-0.6719279,-1
1135,1136,1565954389358,-0.55399996,0.2555,0.2747,4.9964213,-7.8508744,-0.71028304,-1
1136,1137,1565954389368,-0.118499994,0.36679998,0.21939999,5.4587607,-7.731739,-0.78828615,-1
1137,1138,1565954389379,0.0916,0.4486,0.13699999999999998,5.540067700000001,-7.683424499999999,-0.79963464,-1
1138,1139,1565954389389,-0.034199997999999995,0.4008,0.2435,5.3985324,-7.724872599999999,-0.7113461,-1
1139,1140,1565954389399,-0.2023,0.3606,0.43019998,5.1934547,-7.786998,-0.5087391,-1
1140,1141,1565954389410,-0.35189998,0.3394,0.44889998,5.0670980000000005,-7.804504,-0.5437232,-1
1141,1142,1565954389420,-0.3829,0.2899,0.2875,5.026837,-7.861418700000001,-0.7039719,-1
1142,1143,1565954389430,-0.4016,0.2226,0.1533,5.073764,-7.914091,-0.8247546,-1
1143,1144,1565954389440,-0.2893,0.17719999,-0.0095999995,5.1551184999999995,-7.9661508,-0.96199024,-1
1144,1145,1565954389450,-0.1545,0.1727,0.0067,5.3034534,-7.9433675,-0.8686738000000002,-1
1145,1146,1565954389460,-0.028199999,0.1293,0.115399994,5.388419,-8.036923,-0.83341205,-1
1146,1147,1565954389470,-0.0095,0.026999999,0.0592,5.360024,-8.153282,-0.88753057,-1
1147,1148,1565954389480,0.0189,-0.036000000000000004,0.1213,5.415521599999999,-8.216766,-0.8076025,-1
1148,1149,1565954389490,0.1639,-0.1293,0.1433,5.5886892999999995,-8.281466499999999,-0.8689707,-1
1149,1150,1565954389500,0.2183,-0.0668,0.053999998,5.6172757,-8.226792999999999,-0.8924721999999999,-1
1150,1151,1565954389510,0.1721,-0.0056,0.0299,5.4706264000000004,-8.132710000000001,-1.0098455,-1
1151,1152,1565954389520,-0.0037999998,-0.0142,-0.2618,5.2812834,-8.137155,-1.2261857,-1
1152,1153,1565954389531,-0.1011,0.0459,-0.22999999,5.252064,-8.07208,-1.0099604,-1
1153,1154,1565954389541,-0.117199995,0.117199995,0.021599998999999998,5.260349,-8.05645,-0.8166909000000001,-1
1154,1155,1565954389551,-0.0412,0.1321,0.1472,5.3773193,-8.03722,-0.71348166,-1
1155,1156,1565954389561,0.116799995,0.18859999,0.21319999,5.640605,-8.009304,-0.7042305,-1
1156,1157,1565954389572,0.3746,0.12879999,0.1881,5.8121542999999996,-8.115366999999999,-0.6918094,-1
1157,1158,1565954389582,0.5929,0.0104,0.1398,6.048500499999999,-8.346475,-0.6928533,d
1158,1159,1565954389592,0.7812,-0.3631,0.21589999,6.154142,-8.761505,-0.6106651,-1
1159,1160,1565954389602,1.0577999,-0.88339996,0.3195,6.689667699999999,-9.349885,-0.5511739,-1
1160,1161,1565954389613,1.6711999,-1.2538999,0.2786,7.206259700000001,-9.609445,-0.5751925999999999,-1
1161,1162,1565954389623,2.3179998,-1.6087999,0.2208,7.901574,-10.038916,-0.63002944,-1
1162,1163,1565954389633,2.9036999,-1.9939,0.0854,8.65049,-10.43869,-1.0400125,-1
1163,1164,1565954389643,3.5015,-2.2071,-0.32569999,9.187118,-10.409146,-1.347294,-1
1164,1165,1565954389653,4.2067,-2.1529,-0.73249996,10.006298,-10.262889999999999,-1.8376935,-1
1165,1166,1565954389664,4.7801,-2.0008,-1.198,10.317113,-10.170836,-2.1665227000000002,-1
1166,1167,1565954389674,5.0615997,-1.92,-1.4655,10.518341,-10.059094,-2.0539186000000003,-1
1167,1168,1565954389684,5.1008,-1.8615999,-1.2590000000000001,10.576683000000001,-9.957993,-1.7819180000000001,-1
1168,1169,1565954389694,5.1366997,-1.8037,-0.9748,10.737764,-9.812569,-1.7928548999999998,-1
1169,1170,1565954389704,5.182699700000001,-1.7534,-0.99399996,10.823822,-9.6709175,-1.8919651999999998,-1
1170,1171,1565954389714,5.2311,-1.5719,-1.0762,10.908222,-9.434792,-1.9136183999999998,-1
1171,1172,1565954389725,5.1846,-1.4843,-1.1067,10.899460000000001,-9.279572,-1.9334711,-1
1172,1173,1565954389734,5.0336,-1.3139,-1.1875,10.818555,-8.90983,-2.2026944,-1
1173,1174,1565954389744,4.8269997,-1.0905,-1.4568,10.613897999999999,-8.694371,-2.4859857999999995,-1
1174,1175,1565954389754,4.4375,-0.92289996,-1.8618,10.147173,-8.417486,-3.0019937000000003,-1
1175,1176,1565954389765,3.8646,-0.7829,-2.3374999,9.5086775,-8.019829,-3.208144,-1
1176,1177,1565954389775,3.179,-0.5431,-2.4740999,9.071238000000001,-7.7121353,-2.7753394,-1
1177,1178,1565954389786,1.7674999,0.1362,-0.64849997,8.358761999999999,-7.1074850000000005,-1.3904374,-1
1178,1179,1565954389796,1.7674999,0.1362,-0.64849997,7.8125095,-6.633317999999999,-0.71226543,-1
1179,1180,1565954389806,0.8951,0.6441,0.2192,6.8170776,-5.844888,-0.23464134,-1
1180,1181,1565954389816,-0.1064,1.0766,0.5624,6.1440864,-5.3799529999999995,-0.0874554,-1
1181,1182,1565954389826,-2.3669999,1.9555999,0.88809997,4.7849174,-4.721921400000001,0.11272859,-1
1182,1183,1565954389837,-3.6062,2.0878,0.7464,3.9028456,-4.472551,-0.013924677,-1
1183,1184,1565954389847,-4.6587,2.049,0.6087,2.7636368,-4.33317,-0.15651375,-1
1184,1185,1565954389857,-5.5396,1.9526999,0.769,1.8512925,-4.3103967,0.15594871,-1
1185,1186,1565954389867,-6.4126997,1.6074,1.3007,1.2214451000000002,-4.520885,0.5795596,-1
1186,1187,1565954389877,-7.1397,0.9866,2.1069,0.47681963,-5.135553400000001,1.5461753999999999,-1
1187,1188,1565954389887,-7.6520996,0.2394,2.8706,0.13228443,-5.7031035,2.1436055,-1
1188,1189,1565954389898,-7.9694,-0.4456,3.3799998999999996,-0.16995959,-6.4659724,2.7024026,-1
1189,1190,1565954389908,-7.936,-1.0982,3.4541,-0.1114836,-6.946125,2.7039156,-1
1190,1191,1565954389918,-7.4465,-1.22,3.1279,0.52098787,-7.031378,2.336329,-1
1191,1192,1565954389928,-6.8192,-0.94449997,2.8627,1.0375224,-6.7865660000000005,2.127181,-1
1192,1193,1565954389938,-6.4041996,-0.4869,2.6088998,1.4902661,-6.2421145,1.8313823,-1
1193,1194,1565954389948,-6.4909,-0.0602,2.4384,1.1824676,-5.7186365,1.6764008999999997,-1
1194,1195,1565954389959,-7.0018,0.3233,2.3286998,0.70588726,-5.4438114,1.6062604,-1
1195,1196,1565954389969,-7.5613,0.7165,2.2075999,0.28827146,-5.134423,1.5467405,-1
1196,1197,1565954389979,-7.9680995999999995,0.9982,1.9494,-0.26815059999999996,-4.8150935,1.220861,-1
1197,1198,1565954389989,-8.2657995,1.0871,1.6574999,-0.456603,-4.796831,0.99458975,-1
1198,1199,1565954389999,-8.2252,1.0654,1.531,-0.4698094,-4.828511,0.8759618,-1
1199,1200,1565954390009,-7.9234,0.9343,1.5115,-0.18676689999999999,-5.0402355000000005,0.75837773,-1
1200,1201,1565954390019,-7.429199700000001,0.70269996,1.7209999999999999,0.34307954,-5.3558292000000005,0.9890064000000001,-1
1201,1202,1565954390029,-6.8612,0.5259,2.0252,0.86435467,-5.756465400000001,1.1030183,-1
1202,1203,1565954390039,-6.5260997000000005,0.1749,1.9749999,1.0252068,-6.2023807,1.0001441999999998,-1
1203,1204,1565954390049,-6.2398,-0.4019,1.8677,1.2395836,-6.950779400000001,0.80157876,-1
1204,1205,1565954390059,-5.7962,-0.7827,1.6886,1.6297044,-7.289233,0.5860144,-1
1205,1206,1565954390069,-4.9302,-0.9285,1.1618998999999999,2.5726461,-7.5207809999999995,-0.212404,-1
1206,1207,1565954390079,-3.8674998,-0.7723,0.3011,3.3967303999999996,-7.503025999999999,-1.0408552,-1
1207,1208,1565954390089,-2.806,-0.6705,-0.9083,4.3878727,-7.6154485,-2.5151951,-1
1208,1209,1565954390100,-2.0037,-0.79429996,-2.1292,4.9148746,-7.8678927,-3.5473258000000003,-1
1209,1210,1565954390110,-1.1103,-0.9515,-3.3351,5.804273,-8.195247,-4.9159093,-1
1210,1211,1565954390120,-0.22479999,-1.0652,-4.2372,6.4096227,-8.354759,-5.558799700000001,-1
1211,1212,1565954390130,0.7007,-1.0481,-4.541,7.2973256,-8.54572,-5.777735,-1
1212,1213,1565954390141,1.4383999,-1.2737,-4.3592,7.718848700000001,-8.873944999999999,-5.584715,-1
1213,1214,1565954390151,1.9059999,-1.5962,-4.0429997,8.090793,-9.356942,-5.247985,-1
1214,1215,1565954390161,2.2312,-1.7097,-3.6581,8.147765,-9.624088,-4.8328489999999995,-1
1215,1216,1565954390171,2.4048998,-1.9352,-3.4668,8.227464,-9.956891,-4.9192514,-1
1216,1217,1565954390182,2.8207998,-2.1229,-3.722,8.771991,-10.055447000000001,-5.273699,-1
1217,1218,1565954390192,3.5024,-2.0248,-4.001,9.325789,-10.032825,-5.438218,-1
1218,1219,1565954390202,4.3324,-1.9949,-4.2605,10.079024,-10.25676,-5.692071,-1
1219,1220,1565954390212,5.0634,-2.1241,-4.5445,10.459807000000001,-10.414797,-5.7950025,-1
1220,1221,1565954390223,5.5673,-2.2474,-4.6674,10.782603,-10.6995535,-5.7758107,-1
1221,1222,1565954390233,5.9117,-2.4649,-4.6386,10.939346,-10.952237,-5.634466000000001,-1
1222,1223,1565954390243,6.1924,-2.6111999,-4.4136,11.135212,-11.20652,-5.158451,-1
1223,1224,1565954390253,6.5039,-2.7177,-3.8992998999999995,11.26649,-11.339350999999999,-4.653265,-1
1224,1225,1565954390263,6.7407,-2.7781,-3.3486998,11.439639999999999,-11.348133,-3.9028263,-1
1225,1226,1565954390273,6.9182997,-2.5869,-2.7084,11.481078,-11.017274,-3.1900918,-1
1226,1227,1565954390284,6.9536996,-2.2826,-2.1878998,11.418867,-10.741719999999999,-2.8291132,-1
1227,1228,1565954390295,6.9533,-1.9239998999999999,-1.7018,11.232311,-10.406609,-2.0865563999999996,-1
1228,1229,1565954390304,6.683799700000001,-1.6565,-1.0555999,10.851413,-10.229198,-1.5940403,-1
1229,1230,1565954390314,6.1482,-1.4981999,-0.50339997,10.175098,-10.102103999999999,-1.3239074,-1
1230,1231,1565954390324,5.5783997,-1.3916998999999999,-0.371,9.792544,-10.012112,-1.1644823999999998,-1
1231,1232,1565954390334,5.1141,-1.3612,-0.1413,9.494378999999999,-10.046626,-0.8530445,-1
1232,1233,1565954390345,4.9091997,-1.374,0.12709999,9.59643,-9.93293,-0.7170155,-1
1233,1234,1565954390355,5.0501,-1.2547,0.43359998,9.767807000000001,-9.640139,-0.02339614,-1
1234,1235,1565954390365,5.1001,-1.0159,1.0813,9.622383000000001,-9.492291,0.4741956,-1
1235,1236,1565954390375,4.6914997000000005,-0.9546,1.7219,9.05105,-9.413236,1.0224773999999999,-1
1236,1237,1565954390385,4.089299700000001,-0.90379995,2.2224998,8.355687,-9.196809,1.4067083999999999,-1
1237,1238,1565954390396,3.4064998999999996,-0.7924,2.5232,7.8989887,-9.168117,1.4415201000000002,-1
1238,1239,1565954390406,2.7461,-0.82369995,2.5727,7.471814999999999,-9.106538,1.4405146,-1
1239,1240,1565954390416,2.1334,-0.84749997,2.715,7.0837345,-9.109716,1.6159233,-1
1240,1241,1565954390426,1.7591,-0.93009996,2.8058,6.9889717000000005,-9.157561999999999,1.6419818,-1
1241,1242,1565954390436,1.6424999,-1.1896,3.1204998,7.192603599999999,-9.244913,1.9161084,-1
1242,1243,1565954390446,1.847,-1.1538,3.3772,7.4318990000000005,-9.134205,2.11861,-1
1243,1244,1565954390456,1.8603,-1.0648,3.5073998,7.538632400000001,-8.915365,2.2075305,-1
1244,1245,1565954390467,1.3942,-0.9255,3.4305,7.192862,-8.740627,2.1267407000000005,-1
1245,1246,1565954390477,0.6152,-0.8440000000000001,3.4187999,6.681344999999999,-8.594111,2.1013715,-1
1246,1247,1565954390487,-0.12889999,-0.7194,3.4901,5.9248257,-8.333871,2.163056,-1
1247,1248,1565954390497,-0.65639997,-0.4687,3.4373998999999995,5.455878,-7.8904076000000005,2.1258404,-1
1248,1249,1565954390507,-1.0411,-0.19659999,3.3899998999999994,5.256316,-7.604980499999999,2.0572994,-1
1249,1250,1565954390517,-1.3102,0.030299998999999998,3.3009,5.0739837,-7.254297,1.9404430000000001,-1
1250,1251,1565954390528,-1.6590999,0.0361,3.2916,4.8542440000000004,-7.191636,1.9477501,-1
1251,1252,1565954390538,-2.1766,-0.2382,3.3831,4.3370485,-7.424764,2.0475214,-1
1252,1253,1565954390548,-2.7930999,-0.7127,3.4549,3.8997714999999995,-7.7622990000000005,2.1104505000000002,-1
1253,1254,1565954390558,-3.0858998,-1.0124999,3.2307,3.6562620000000003,-8.045524,1.746436,-1
1254,1255,1565954390568,-3.1237,-1.2052,2.6004,3.7918407999999997,-8.151606,1.0656303999999999,-1
1255,1256,1565954390578,-2.9765,-1.2732999,2.3046,4.001659399999999,-8.108098,0.9202162,-1
1256,1257,1565954390589,-2.6371999,-1.1998999,2.1497,4.311986,-8.004716,0.7962157,-1
1257,1258,1565954390599,-2.3456,-1.0085,2.0249,4.689695400000001,-7.654924,0.63493276,-1
1258,1259,1565954390610,-2.3114,-0.7517,1.8606,4.6322055,-7.313950999999999,0.42177215,-1
1259,1260,1565954390620,-2.7519,-0.5487,1.4879999,4.2707677,-7.1288795,0.014432248,-1
1260,1261,1565954390630,-3.2926998,-0.3874,0.8059999999999999,3.703035,-6.83082,-0.8118834,-1
1261,1262,1565954390640,-3.7226,-0.1741,0.1304,3.4680394999999997,-6.588862400000001,-1.3348536,-1
1262,1263,1565954390650,-3.9199,0.0751,-0.5047,3.3869815,-6.285918700000001,-2.1000118,-1
1263,1264,1565954390660,-3.8925998,0.2641,-1.0963,3.4551587,-6.1243105,-2.5325005000000003,-1
1264,1265,1565954390671,-3.7468,0.3357,-1.3469,3.7368507000000006,-5.9659963,-2.6625726000000003,-1
1265,1266,1565954390681,-3.4457998,0.45409998,-1.4036,4.1773553,-5.8517833,-2.7500088,-1
1266,1267,1565954390691,-3.0217,0.5186,-1.2688,4.4770994,-5.7429237,-2.5782487,-1
1267,1268,1565954390702,-2.7131998999999998,0.65389997,-1.1139,4.819471,-5.6335945,-2.4815516,-1
1268,1269,1565954390712,-2.533,0.6816,-1.1815,4.9185905,-5.5558987,-2.6615286,-1
1269,1270,1565954390722,-2.4822,0.778,-1.495,4.953785,-5.3636919999999995,-3.2605677,-1
1270,1271,1565954390732,-2.5497,0.9149,-2.024,4.8969564000000005,-5.264275,-3.6043557999999996,-1
1271,1272,1565954390742,-2.5864,0.97599995,-2.3321,4.942657,-5.2120047,-3.7173046999999997,-1
1272,1273,1565954390752,-2.4619999999999997,0.97319996,-2.3948,5.1825849999999996,-5.228371599999999,-3.7751677000000003,-1
1273,1274,1565954390763,-2.1058,0.9188,-2.338,5.706771400000001,-5.263872599999999,-3.4503894,-1
1274,1275,1565954390773,-1.5857999,0.9206,-1.9918,6.0996885,-5.343322,-3.1734473999999997,-1
1275,1276,1565954390783,-1.1096,0.79069996,-1.5935999,6.633538199999999,-5.532943,-2.607822,-1
1276,1277,1565954390793,-0.70879996,0.6056,-1.0474,6.910624,-5.8199024,-2.0646446,-1
1277,1278,1565954390803,-0.53209996,0.3638,-0.6709999999999999,6.996575999999999,-5.9739165000000005,-1.7752526999999998,-1
1278,1279,1565954390814,-0.40019998,0.1692,-0.37579998,7.185277,-6.1935606,-1.697872,-1
1279,1280,1565954390824,-0.24689999,0.071499996,-0.4289,7.340775999999999,-6.175173,-1.9018389,-1
1280,1281,1565954390834,0.0276,0.1091,-0.7633,7.6545404999999995,-6.1045628,-2.2980793,-1
1281,1282,1565954390844,0.26209998,0.20449999,-1.1093998999999999,7.7749880000000005,-6.0669265,-2.4272225,-1
1282,1283,1565954390854,0.45619997,0.258,-1.2339,7.9112754,-6.091337,-2.360137,-1
1283,1284,1565954390864,0.48229998,0.2392,-1.083,7.860825,-6.099037,-2.0133991,-1
1284,1285,1565954390875,0.3996,0.1777,-0.5858,7.7235317,-6.2451024,-1.3850745,-1
1285,1286,1565954390885,0.2963,0.0643,-0.089499995,7.649627000000001,-6.3087215,-1.1402816,d
1286,1287,1565954390895,0.2121,-0.0011999999,0.1158,7.6008143,-6.317005,-1.084468,-1
1287,1288,1565954390905,0.19699999999999998,0.0611,0.2714,7.602749,-6.2386669999999995,-0.8926829,-1
1288,1289,1565954390915,0.24139999,0.1151,0.3065,7.6378,-6.287193,-1.0491488000000002,-1
1289,1290,1565954390926,0.2663,0.062299997,0.1206,7.8409534,-6.263567,-1.1446486999999999,-1
1290,1291,1565954390936,0.4481,0.0887,0.0783,7.9028573,-6.221563,-1.1766831,-1
1291,1292,1565954390946,0.502,0.1048,0.0358,7.810690400000001,-6.282893,-1.2580284,-1
1292,1293,1565954390956,0.4269,0.079799995,-0.036000000000000004,7.702224,-6.292288,-1.2131995,-1
1293,1294,1565954390966,0.2712,0.0525,-0.01,7.4204545,-6.390880999999999,-1.1775451000000001,-1
1294,1295,1565954390976,0.036199998,-0.024899999,0.0358,7.268729700000001,-6.401607,-1.1382802,-1
1295,1296,1565954390987,-0.1678,-0.041899998,0.2687,7.202611,-6.413865,-0.94513506,-1
1296,1297,1565954390997,-0.1678,-0.041899998,0.2687,7.27867,-6.325988300000001,-0.93386316,-1
1297,1298,1565954391007,-0.0665,0.088999994,0.2601,7.450928,-6.188523,-1.0796317,-1
1298,1299,1565954391017,0.1153,0.27179998,0.122899994,7.5160694,-6.095015,-1.0854736999999999,-1
1299,1300,1565954391027,0.14400000000000002,0.3301,0.131,7.5125356,-6.049678299999999,-1.0805415,-1
1300,1301,1565954391038,0.033099998,0.3272,0.117599994,7.340919500000001,-6.0399485,-1.0718937,-1
1301,1302,1565954391048,-0.23529999,0.27449998,0.2223,7.1369524,-6.0915574999999995,-0.9862386999999999,-1
1302,1303,1565954391058,-0.4138,0.12529999,0.2996,6.9462595,-6.268431700000001,-0.8819952,-1
1303,1304,1565954391068,-0.3931,0.0581,0.3182,6.986175,-6.320424,-0.8850502,-1
1304,1305,1565954391078,-0.1538,0.1417,0.2662,7.2750306,-6.239835299999999,-0.95844686,-1
1305,1306,1565954391088,0.0569,0.2267,0.20279999,7.4269,-6.1630970000000005,-0.99214756,-1
1306,1307,1565954391099,0.0802,0.3199,0.21859999,7.446953999999999,-6.06956,-0.90799624,-1
1307,1308,1565954391109,-0.045199998,0.3419,0.33499998,7.3143053,-6.0498505,-0.8610985999999999,-1
1308,1309,1565954391119,-0.2602,0.2545,0.22699999999999998,7.075996000000001,-6.1732097,-0.9594332,-1
1309,1310,1565954391129,-0.24949999,0.1672,0.1788,7.1359086,-6.236196499999999,-1.0514089,-1
1310,1311,1565954391139,-0.0805,0.1401,0.1609,7.285709,-6.239758999999999,-1.0111384,-1
1311,1312,1565954391150,0.0112,0.134,0.16229999,7.446398299999999,-6.34881,-1.0847936000000002,-1
1312,1313,1565954391160,0.1226,-0.0187,-0.024,7.469967,-6.435039499999999,-1.2255152,-1
1313,1314,1565954391170,0.20459999,-0.053799997999999995,-0.0633,7.577217,-6.4756355,-1.2779098999999998,-1
1314,1315,1565954391180,0.3066,-0.078999996,-0.1205,7.689342999999999,-6.4976816,-1.3452636999999998,-1
1315,1316,1565954391190,0.4579,-0.2119,-0.3046,7.930458,-6.700289,-1.515003,d
1316,1317,1565954391200,0.8451,-0.3251,-0.17189999,8.293132,-6.711378599999999,-1.3130663999999999,-1
1317,1318,1565954391210,1.3295,-0.2244,-0.024999999,8.829394,-6.6072307,-1.2333491,-1
1318,1319,1565954391221,1.6438999,-0.1466,-0.018299998999999997,9.059832,-6.5501629999999995,-1.292189,-1
1319,1320,1565954391231,1.7081,-0.1223,-0.057,9.002409,-6.549875,-1.3127695,-1
1320,1321,1565954391241,1.5333999,-0.1601,-0.1982,8.813678999999999,-6.5970216,-1.4702505,-1
1321,1322,1565954391251,1.3087,-0.2181,-0.44099998,8.628721,-6.640663000000001,-1.6453816000000003,-1
1322,1323,1565954391261,1.2606,-0.23600000000000002,-0.49089998,8.698595,-6.636957000000001,-1.7156848999999998,-1
1323,1324,1565954391271,1.3797,-0.21409999,-0.4836,8.798778,-6.528701,-1.6798964,-1
1324,1325,1565954391282,1.4983,-0.0751,-0.5541,8.880199000000001,-6.303473,-1.6655791000000002,-1
1325,1326,1565954391292,1.4576,0.109299995,-0.4739,8.754466,-6.2232389999999995,-1.5606938999999997,-1
1326,1327,1565954391302,1.1877999,0.2003,-0.3094,8.398553,-6.140515,-1.3810904,-1
1327,1328,1565954391312,0.8655,0.2374,-0.0716,8.195228,-6.056287,-1.1161193999999999,-1
1328,1329,1565954391322,0.6192,0.33929998,0.29709998,7.922279400000001,-5.856495,-0.6063172,-1
1329,1330,1565954391332,0.3602,0.5061,0.67689997,7.7241063,-5.6467633,-0.41718486,-1
1330,1331,1565954391343,0.00029999999,0.7382,0.8394,7.1267914999999995,-5.395161,-0.4411939,-1
1331,1332,1565954391353,-0.63629997,0.8407,0.6935,6.385001,-5.3096976,-0.53683746,-1
1332,1333,1565954391363,-1.2725999,0.8655,0.66179997,6.0408583,-5.214696,-0.4392977,-1
1333,1334,1565954391374,-1.6602,0.93359995,0.7769,5.661013,-5.172213,-0.3698946,-1
1334,1335,1565954391383,-1.9642998999999999,0.9684,0.8143,5.4977480000000005,-5.124846,-0.41831490000000005,-1
1335,1336,1565954391393,-2.1750998,0.93039995,0.7852,5.34585,-5.204784,-0.33229604,-1
1336,1337,1565954391403,-2.3811998,0.78929996,0.9686,5.069080400000001,-5.4577746,-0.11676043,-1
1337,1338,1565954391413,-2.6715,0.534,1.1586,4.6917925,-5.7506237,0.23863487,-1
1338,1339,1565954391423,-2.9878,0.2722,1.4914,4.509766,-5.8870735,0.45294464,-1
1339,1340,1565954391434,-3.1736,0.1309,1.7595999,4.2815895,-5.9314528,0.6369630000000001,-1
1340,1341,1565954391444,-3.4159,0.1201,1.8801,4.033885,-5.9476949999999995,0.5829977,-1
1341,1342,1565954391454,-3.7250997999999997,0.14199999,1.7792,3.6429503,-5.952876,0.41774988,-1
1342,1343,1565954391464,-4.0417,0.1092,1.6436,3.420347,-5.982162000000001,0.26684815,-1
1343,1344,1565954391474,-4.285599700000001,0.14039999,1.5268999,3.1564963,-5.937323,0.30114270000000004,-1
1344,1345,1565954391484,-4.4648,0.1778,1.6401999,3.0187626,-5.920564,0.42136994,-1
1345,1346,1565954391494,-4.6183,0.19209999,1.818,2.757335,-5.8765397,0.75301474,-1
1346,1347,1565954391504,-4.8038,0.3024,2.1753,2.6359012,-5.843891999999999,1.0902618999999998,-1
1347,1348,1565954391514,-4.9441,0.3803,2.6016,2.334021,-5.764328,1.3568708,-1
1348,1349,1565954391524,-5.1665,0.4955,2.7391999,2.0738766,-5.829096,1.317625,-1
1349,1350,1565954391534,-5.4806,0.4428,2.6529999,1.613893,-6.0000800000000005,1.0581797,-1
1350,1351,1565954391544,-5.7858996,0.35119998,2.4447,1.4215333,-6.047878,0.89550805,-1
1351,1352,1565954391555,-5.9337,0.37829998,2.2947,1.2860599,-6.1173577,0.8124005,-1
1352,1353,1565954391565,-5.9326,0.36749998,2.1645,1.2387121,-6.3217172999999995,0.43633848,-1
1353,1354,1565954391575,-5.8217998,0.18079999,1.6122999,1.4620049,-6.7542253,-0.47127464,-1
1354,1355,1565954391585,-5.4726996,-0.093899995,0.8283,2.0929058,-7.002225999999999,-1.5291096000000002,-1
1355,1356,1565954391596,-4.7967,-0.1548,-0.0552,2.7115579,-7.2070546,-2.4499676,-1
1356,1357,1565954391606,-3.8841,-0.29909998,-1.1452999,3.423718,-7.396225500000001,-3.3300663999999998,-1
1357,1358,1565954391616,-2.9052,-0.4236,-2.1559,4.272089,-7.7818933,-4.221667,-1
1358,1359,1565954391626,-1.3718,-0.83309996,-2.8385,4.9742413,-8.148665,-4.476649299999999,-1
1359,1360,1565954391636,-1.3718,-0.83309996,-2.8385,5.3253846,-8.340403,-4.338580599999999,-1
1360,1361,1565954391646,-0.41979998,-1.2197,-2.1301,5.6506515,-8.738136,-3.8628050000000003,-1
1361,1362,1565954391657,0.0493,-1.4276999,-1.8476,6.0960684,-9.091961999999999,-3.5894922999999994,-1
1362,1363,1565954391667,0.59529996,-1.4081999,-2.0739,6.4195347,-9.122444,-3.8167503,-1
1363,1364,1565954391677,0.956,-1.5023999,-2.8298,6.687015,-9.364460000000001,-4.7156386,-1
1364,1365,1565954391687,1.1656,-1.7773999,-3.9045,6.732811,-9.700874,-5.538957,-1
1365,1366,1565954391697,1.8175,-2.2717,-4.9353,7.3924613,-10.420819999999999,-6.647069999999999,-1
1366,1367,1565954391708,3.2008,-2.4838998,-5.5813,8.442587,-10.661294,-7.043741000000001,-1
1367,1368,1565954391718,4.9797997,-2.3325999,-5.5789,10.398497,-10.547119,-6.9992285,-1
1368,1369,1565954391728,6.5214,-2.0407,-5.4701,11.477955999999999,-10.416329,-6.8151717000000005,-1
1369,1370,1565954391738,7.3673,-1.8347,-5.1348,12.228146,-10.262592,-6.291723,-1
1370,1371,1565954391748,7.5119,-1.8137,-4.5443,12.202049,-10.344876,-5.8104305,-1
1371,1372,1565954391758,7.0067997,-2.1023,-4.2592998,11.521253,-10.766045,-5.457362,-1
1372,1373,1565954391768,6.7324,-2.2832,-3.957,11.221633,-10.933705999999999,-5.0280247000000005,-1
1373,1374,1565954391779,6.8324,-2.3035997999999998,-3.7349,11.337522,-11.00515,-4.912184,-1
1374,1375,1565954391788,6.8324,-2.3035997999999998,-3.7349,11.470046,-11.126497,-4.651024,-1
1375,1376,1565954391798,7.2928,-2.5077,-2.7163,11.667031,-11.235519,-3.7048068,-1
1376,1377,1565954391808,7.2928,-2.5077,-2.7163,11.828602,-11.286612,-3.2425535,-1
1377,1378,1565954391818,7.8441997,-2.3651,-1.7541,12.139215,-11.077463999999999,-2.826173,-1
1378,1379,1565954391828,7.8658,-2.1095998,-1.2712,12.124323,-10.878094,-2.470366,-1
1379,1380,1565954391839,7.4809,-1.9642998999999999,-0.6365,11.625869999999999,-10.689737,-1.7371466,-1
1380,1381,1565954391849,6.817199700000001,-1.8314999,-0.2039,11.153753,-10.55592,-1.4166299999999998,-1
1381,1382,1565954391859,6.1624,-1.6413,0.1639,10.484564,-10.272878,-0.99584424,-1
1382,1383,1565954391869,5.5297,-1.4612,0.66359997,10.014323,-10.111786,-0.5825763,-1
1383,1384,1565954391879,4.8631997,-1.3684,0.9982,9.342185,-9.953127,-0.21448216,-1
1384,1385,1565954391889,4.3039,-1.3319,1.3527,8.800578,-9.8214655,0.36491466,-1
1385,1386,1565954391899,3.6397998,-1.3015,2.1016998,8.355888,-9.734643,0.9791040000000001,-1
1386,1387,1565954391910,3.0209,-1.3149998999999999,2.833,7.734344,-9.700357,1.7365816000000003,-1
1387,1388,1565954391920,2.4305,-1.3115,3.4048998,7.4076023,-9.611963000000001,2.1449175,-1
1388,1389,1565954391930,1.9677999,-1.3586,3.7759,7.0755367,-9.534352,2.4757290000000003,-1
1389,1390,1565954391940,1.6809,-1.2409999,3.8077998,6.947715,-9.353466000000001,2.4036252,-1
1390,1391,1565954391950,1.5870999,-1.0094,3.5014,7.016591,-8.967521000000001,1.9688861,-1
1391,1392,1565954391960,1.4386,-0.7452,3.2138999,6.9363375,-8.683463,1.8506029999999998,-1
1392,1393,1565954391971,0.8619,-0.7247,3.3023998999999997,6.180775,-8.698058,2.0090897,-1
1393,1394,1565954391981,-0.0817,-1.0451,3.5421,5.2289367,-8.922241,2.2218572999999995,-1
1394,1395,1565954391991,-0.9246,-1.2794,3.6367998,4.814941,-9.014178,2.1229005,-1
1395,1396,1565954392001,-1.3483,-1.4333,3.4759,4.6432285,-8.916094000000001,2.1252944,-1
1396,1397,1565954392011,-1.5573,-1.3385,3.7166,4.6384597,-8.707673,2.5230002000000002,-1
1397,1398,1565954392022,-1.7105999,-1.2312,4.2395,4.466766000000001,-8.449578,3.0019267000000003,-1
1398,1399,1565954392032,-2.0261,-1.0428,4.5386,4.2877374,-8.2000265,3.1360977,-1
1399,1400,1565954392042,-2.2886999,-0.76339996,4.5122,4.173869,-7.6768546,2.8284043999999997,-1
1400,1401,1565954392052,-2.4984999,-0.3924,4.1403,4.07948,-7.2727227,2.5639985,-1
1401,1402,1565954392062,-2.7619998,0.0412,3.878,3.8008910000000005,-6.7336826,2.244133,-1
1402,1403,1565954392073,-3.1071,0.3723,3.4039,3.6375587,-6.4280194999999996,1.7663558999999998,-1
1403,1404,1565954392083,-3.3260998999999996,0.71999997,2.6125,3.5206353999999997,-6.0015645,0.58928967,-1
1404,1405,1565954392093,-3.4673,0.9374,1.2837,3.5251267,-5.736584,-0.5551961999999999,-1
1405,1406,1565954392103,-3.5602,1.053,0.111899994,3.4000154,-5.8045025,-1.631208,-1
1406,1407,1565954392113,-3.7319998999999995,0.71239996,-0.4319,3.4175315000000004,-6.2218122000000005,-1.6697833999999998,-1
1407,1408,1565954392124,-3.7178998,0.35700000000000004,-0.2956,3.5226370000000005,-6.4161444,-1.2174228,-1
1408,1409,1565954392133,-3.5170999,0.0758,0.501,3.7801955,-6.5881057,-0.6540767,-1
1409,1410,1565954392143,-3.0649998,-0.0056,1.0143,4.443667,-6.4115667,-0.54920113,-1
1410,1411,1565954392153,-2.6518998,0.18869999,0.7061,4.612583,-6.171457,-1.0372353,-1
1411,1412,1565954392163,-2.7328,0.49019998,0.0069,4.192697,-5.8918524,-1.9701886000000002,-1
1412,1413,1565954392174,-3.3571,0.5166,-0.7208,3.5037417,-5.92178,-2.6872137,-1
1413,1414,1565954392184,-3.8918998,0.43919998,-1.2666,3.2494297000000003,-5.98877,-2.962068,-1
1414,1415,1565954392194,-4.055,0.3434,-1.5623,3.5587892999999995,-5.997609,-3.0879743,-1
1415,1416,1565954392204,-3.7245998,0.3021,-1.6343,3.9942370000000005,-6.2298089999999995,-3.0801692000000003,-1
1416,1417,1565954392214,-3.0493999,0.0196,-1.6202999,5.127585,-6.3474884000000005,-2.9208974999999997,-1
1417,1418,1565954392225,-2.0535,0.0201,-1.4519,5.8146734,-6.236024,-2.8195653,-1
1418,1419,1565954392234,-1.3407999,0.1393,-1.3504,6.185631,-6.322636599999999,-2.9367661,-1
1419,1420,1565954392244,-1.1823,-0.0023999998999999998,-1.5819999999999999,6.0403314,-6.406510400000001,-3.0225357999999996,-1
1420,1421,1565954392254,-1.4117,-0.0528,-1.7041998999999999,5.827094000000001,-6.386935,-3.1278903,-1
1421,1422,1565954392264,-1.5361999,-0.0288,-1.7255,5.896574,-6.364669,-2.9075856,-1
1422,1423,1565954392275,-1.4052,0.015,-1.3725,6.219389,-6.29788,-2.4152515,-1
1423,1424,1565954392285,-1.0746,0.052899998,-0.9403,6.625014999999999,-6.349834400000001,-1.893919,-1
1424,1425,1565954392295,-0.74939996,-0.0022,-0.5473,6.9154696,-6.317675599999999,-1.7630709999999998,-1
1425,1426,1565954392305,-0.3716,0.035,-0.4583,7.171602,-6.287326999999999,-1.7828278999999998,-1
1426,1427,1565954392316,-0.071499996,0.0836,-0.4604,7.453993,-6.2443175,-1.7041353,-1
1427,1428,1565954392326,0.1191,0.16049999,-0.39769998,7.5213175,-6.0300364,-1.6884198000000001,-1
1428,1429,1565954392336,0.1697,0.3523,-0.39589998,7.524650599999999,-5.89055,-1.7683287,-1
1429,1430,1565954392347,0.0011999999,0.66099995,-0.5282,7.3477380000000005,-5.735482,-1.7897615000000002,-1
1430,1431,1565954392357,-0.0378,0.7026,-0.62799996,7.2997966,-5.702001999999999,-1.8904330000000003,-1
1431,1432,1565954392367,-0.015199998999999999,0.5603,-0.8118,7.3338037,-5.8335395,-2.0520509999999996,d
1432,1433,1565954392377,0.2065,0.4692,-0.46809998,7.5851183,-5.963516,-1.5876143,-1
1433,1434,1565954392388,0.34239998,0.3101,0.0521,7.672104400000001,-6.094843,-1.1915942,-1
1434,1435,1565954392398,0.34039998,0.061699998,0.39769998,7.6485744,-6.398619,-0.83500177,-1
1435,1436,1565954392408,0.19049999,-0.118499994,0.5639,7.5092125,-6.5502105,-0.7025258000000001,-1
1436,1437,1565954392418,0.0858,-0.20289999,0.5828,7.407995,-6.6502595,-0.7279044,-1
1437,1438,1565954392428,0.0889,-0.217,0.36609998,7.404787,-6.648229,-0.8931713,-1
1438,1439,1565954392438,0.1406,-0.112399995,-0.22999999,7.482924499999999,-6.525789700000001,-1.596674,-1
1439,1440,1565954392448,0.271,0.012,-0.6606,7.5807037,-6.4326067,-1.8841218000000002,-1
1440,1441,1565954392458,0.3715,0.0761,-0.8208,7.6616464,-6.346444,-1.9448292,-1
1441,1442,1565954392468,0.37289998,0.088199995,-0.4517,7.6726503,-6.3595934000000005,-1.6572759999999997,-1
1442,1443,1565954392478,0.37219998,0.1353,0.053999998,7.6281757,-6.3177137000000005,-1.0770268,-1
1443,1444,1565954392488,0.0938,0.1885,0.38509998,7.4043946,-6.2627144,-0.84117883,-1
1444,1445,1565954392499,-0.2356,0.20099999,0.52459997,7.0652122,-6.243312,-0.7097371,-1
1445,1446,1565954392509,-0.3597,0.2537,0.3026,6.967012400000001,-6.179999400000001,-0.91876054,-1
1446,1447,1565954392519,-0.35459998,0.4174,-0.0338,7.021408,-5.9815207,-1.2996398,-1
1447,1448,1565954392529,-0.2189,0.4967,-0.3032,7.1404385999999995,-5.934938400000001,-1.5629540000000002,-1
1448,1449,1565954392539,-0.1882,0.4122,-0.4138,7.1474009999999994,-6.055492,-1.5489621999999998,-1
1449,1450,1565954392550,-0.1545,0.28079998,-0.08549999400000001,7.186253999999999,-6.220682,-1.0897543,-1
1450,1451,1565954392560,-0.1085,0.091699995,0.3495,7.2317247,-6.3762574,-0.7527849,-1
1451,1452,1565954392570,0.0163,0.039899997,0.7377,7.377321,-6.4090962,-0.3829382,-1
1452,1453,1565954392580,0.110199995,0.1345,0.8267,7.4267178,-6.3285074,-0.3802184,-1
1453,1454,1565954392590,0.0345,0.2174,0.66209996,7.241464,-6.2616034,-0.6827880000000001,-1
1454,1455,1565954392600,-0.2104,0.24,0.2148,7.0646954,-6.2122064,-1.0073268,-1
1455,1456,1565954392611,-0.3488,0.2324,-0.1083,6.9365005,-6.245044999999999,-1.3875262,-1
1456,1457,1565954392621,-0.3486,0.2549,-0.2611,6.976435700000001,-6.1894712,-1.3611037,-1
1457,1458,1565954392631,-0.2575,0.22989999,-0.072399996,7.071064,-6.284827,-1.0112054,-1
1458,1459,1565954392641,-0.1838,0.2057,0.2733,7.1228933,-6.320434,-0.77166075,-1
1459,1460,1565954392651,-0.19739999,0.18169999,0.3895,7.1134414999999995,-6.291742,-0.65566653,-1
1460,1461,1565954392661,-0.19119999,0.19699999999999998,0.4276,7.091367,-6.169618,-0.8131763000000001,-1
1461,1462,1565954392672,-0.1855,0.3595,0.2654,7.092774400000001,-6.067903500000001,-0.95513326,-1
1462,1463,1565954392682,-0.21,0.45319998,0.17719999,6.9667535,-6.0975432000000005,-1.0048847,-1
1463,1464,1565954392692,-0.3326,0.3119,0.1364,6.918648700000001,-6.296233,-1.0481815,-1
1464,1465,1565954392703,-0.336,0.093499996,-0.0403,7.03857,-6.517572400000001,-1.2910876,d
1465,1466,1565954392713,-0.0611,-0.1215,-0.24149999,7.440911,-6.9014014999999995,-1.550849,-1
1466,1467,1565954392723,0.28599998,-0.4025,-0.41599998,7.8049254,-7.127471000000001,-1.7286998,-1
1467,1468,1565954392733,0.77239996,-0.6926,-0.6516,8.330366,-7.510352,-2.0611682,-1
1468,1469,1565954392743,1.1883999,-1.0439,-0.9442,8.65093,-7.737897,-2.3255265,-1
1469,1470,1565954392755,1.6388999,-1.2433,-1.2585,9.193994,-7.879902,-2.7406235,-1
1470,1471,1565954392763,2.0630999,-1.3029,-1.5828999,9.563964,-7.883541,-3.0814621,-1
1471,1472,1565954392774,2.5377998,-1.3123,-2.0474,9.947726,-7.727027400000001,-3.728021,-1
1472,1473,1565954392784,2.7677999,-1.155,-2.5435998,10.010321000000001,-7.5666733,-3.973446,-1
1473,1474,1565954392794,2.7042,-0.9881,-2.7382,9.713133000000001,-7.463675,-4.202265000000001,-1
1474,1475,1565954392804,2.3976998,-0.96559995,-2.9503,9.589362,-7.393525,-4.259323,-1
1475,1476,1565954392814,2.2598999,-0.9023,-3.0175998,9.689869999999999,-7.0832076,-4.2314067,-1
1476,1477,1565954392825,2.4150999,-0.64019996,-2.9792,10.033304,-6.802559,-4.662478,-1
1477,1478,1565954392835,2.6548,-0.43899998,-3.4322998999999994,10.308178,-6.554625,-5.074242,-1
1478,1479,1565954392845,2.9724998,-0.1774,-3.9187,10.487599000000001,-6.39113,-5.075142400000001,-1
1479,1480,1565954392855,3.1118999,0.0033999997999999997,-3.8695,10.479746,-6.1348834000000005,-4.889506,-1
1480,1481,1565954392865,2.9528,0.1391,-3.7612997999999997,10.224409,-6.0117064000000004,-4.3265142,-1
1481,1482,1565954392875,2.6806,0.1986,-3.2877998,10.117455999999999,-5.8754669999999996,-3.6216898,-1
1482,1483,1565954392886,2.4824,0.2997,-2.3974,9.820383999999999,-5.692856,-2.5714781,-1
1483,1484,1565954392896,2.1729998999999998,0.3949,-1.6115999,9.534162,-5.615351,-1.8348968999999997,-1
1484,1485,1565954392906,1.2569,0.4102,0.43159997,9.017627000000001,-5.5496545,-0.4506558,-1
1485,1486,1565954392916,1.2569,0.4102,0.43159997,8.645175,-5.448734,0.14421713,-1
1486,1487,1565954392926,0.31579998,0.80979997,1.8141999,8.181217,-5.025678,1.0428663,-1
1487,1488,1565954392936,0.31579998,0.80979997,1.8141999,7.8405414,-4.7660035999999995,1.4336001,-1
1488,1489,1565954392947,-0.5159,1.2961999,2.2684,7.4563483999999995,-4.3966064000000005,1.6043162,-1
1489,1490,1565954392957,-0.92219996,1.5904,2.5053,7.184626,-4.0849967000000005,1.8625932,-1
1490,1491,1565954392967,-1.7398,1.5488,2.6065,6.3386106,-4.003756500000001,2.0429437,-1
1491,1492,1565954392977,-2.8686,0.9192,2.5888,5.0558453000000005,-4.675579,2.1091862,-1
1492,1493,1565954392988,-3.7451,0.3451,3.0595999,4.423211,-5.081109,2.5342912999999996,-1
1493,1494,1565954392998,-4.071000000000001,0.048499997999999996,4.121299700000001,4.1467,-5.3161907,3.7725437000000004,-1
1494,1495,1565954393008,-3.8560000000000003,0.1485,5.1073,4.357524,-5.189767400000001,4.485489,-1
1495,1496,1565954393018,-3.5553,0.47399998,5.539,4.725656,-4.7618375,4.897167,-1
1496,1497,1565954393028,-3.5667,0.67469996,5.6900997,4.6826277,-4.6127744,4.968246,-1
1497,1498,1565954393038,-4.1874,0.6484,5.615999700000001,3.852529,-4.6730795,4.7728696,-1
1498,1499,1565954393048,-5.1714997,0.36749998,5.3162,2.6506877,-5.003508,4.3191394999999995,-1
1499,1500,1565954393059,-6.1528997,-0.0647,4.8498,2.004435,-5.391924400000001,3.8267677000000004,-1
1500,1501,1565954393069,-6.5095,-0.48499998,4.1408,1.7462254000000001,-5.802827,3.0487764,-1
1501,1502,1565954393079,-6.415,-0.6746,3.7986,1.9734831000000002,-5.8859053,2.964874,-1
1502,1503,1565954393089,-5.8785996,-0.6258,4.1131997,2.3807270000000003,-5.857069999999999,3.2076175,-1
1503,1504,1565954393100,-5.6102,-0.51199996,4.4199,2.6614044,-5.771032,3.467436,-1
1504,1505,1565954393109,-5.6085,-0.4023,4.3912997,2.5618532000000003,-5.6645474,3.21231,-1
1505,1506,1565954393119,-5.7448,-0.2953,4.0825,2.4066324,-5.5516176,2.8701499,-1
1506,1507,1565954393129,-6.0038,0.0099,3.7821998999999997,2.0125563000000004,-5.177528400000001,2.4321450000000002,-1
1507,1508,1565954393139,-6.3208,0.32529998,3.5093,1.7168821,-4.984785,2.175094,-1
1508,1509,1565954393149,-6.6640997,0.4005,3.3572998,1.3149722,-5.015345,1.8674486000000001,-1
1509,1510,1565954393159,-6.981,0.2503,3.0349,1.0103915,-5.1813974,1.5493836,-1
1510,1511,1565954393169,-7.2075,0.046699997,2.7839,0.73546046,-5.609586,1.0821887,-1
1511,1512,1565954393179,-7.0958,-0.3445,2.2033,0.9615879999999999,-5.9328322,0.48366705,-1
1512,1513,1565954393189,-6.5084,-0.59099996,1.4785,1.6133472,-6.2993364000000005,-0.45513776,-1
1513,1514,1565954393200,-5.808799700000001,-0.696,0.94619995,2.0871596,-6.4522777,-0.9172857,-1
1514,1515,1565954393211,-5.1665998,-0.81159997,0.2712,2.7507175999999998,-6.678242699999999,-2.0448399,-1
1515,1516,1565954393222,-4.5074997,-0.6972,-0.5625,3.1399572,-6.6124496,-2.6296284,-1
1516,1517,1565954393232,-4.0211,-0.47419998,-0.9299,3.5247339999999996,-6.6135125,-3.2128463,-1
1517,1518,1565954393242,-3.7417998,-0.5868,-1.6150999,3.6873962999999996,-6.937189999999999,-4.327596,-1
1518,1519,1565954393252,-3.4930000000000003,-0.72959995,-2.4923,3.8223046999999997,-7.1331215,-4.888356,-1
1519,1520,1565954393262,-3.1715999,-0.85969996,-2.9657998,4.247678,-7.403139599999999,-5.579764,-1
1520,1521,1565954393272,-2.5098999,-0.955,-3.6523,4.80432,-7.532215600000001,-6.195897,-1
1521,1522,1565954393282,-1.5854,-0.9167,-4.3174,5.796343299999999,-7.582236,-6.9217806,-1
1522,1523,1565954393292,-0.645,-0.9034,-4.9237,6.352803700000001,-7.7544645999999995,-7.509978299999999,-1
1523,1524,1565954393302,0.17979999,-1.0557,-5.6507,7.1085668,-8.172866,-8.288544,-1
1524,1525,1565954393313,0.89769995,-1.3083,-6.1394,7.610104,-8.444215,-8.471086999999999,-1
1525,1526,1565954393323,1.7055999,-1.4561,-6.0903,8.355112,-8.805213,-8.1261215,-1
1526,1527,1565954393333,2.4652,-1.6863999,-5.6301,9.049077,-9.289924000000001,-7.61903,-1
1527,1528,1565954393343,3.0858998,-1.9605999,-5.2921,9.366194,-9.59257,-7.6436806,-1
1528,1529,1565954393354,3.655,-2.1996,-5.530999700000001,9.916027,-9.962407,-8.0500145,-1
1529,1530,1565954393364,4.2103,-2.3846,-5.8662996,10.161174,-10.092967999999999,-8.217963000000001,-1
1530,1531,1565954393374,4.6012,-2.4004998,-5.9532,10.248992999999999,-10.178422,-8.246876,-1
1531,1532,1565954393384,4.6965,-2.3374999,-6.1064,9.942832000000001,-9.9997,-8.465045,-1
1532,1533,1565954393394,4.5232,-2.0974998,-6.3188,9.594389999999999,-10.0426035,-8.532589999999999,-1
1533,1534,1565954393404,4.2104,-2.0626,-6.3904,9.320953,-10.047143,-8.305869,-1
1534,1535,1565954393415,3.9482,-2.0642,-6.1686,9.061345,-10.202795,-7.708247,-1
1535,1536,1565954393425,3.8772998,-2.1104998999999998,-5.5811996,9.2947035,-10.239446000000001,-6.785694,-1
1536,1537,1565954393435,4.1946,-2.0737,-4.8417,9.706074000000001,-10.068738,-6.0516605000000006,-1
1537,1538,1565954393445,4.7805,-1.8169999,-3.9717,10.309911,-9.672231,-5.058,-1
1538,1539,1565954393455,5.325599700000001,-1.4111999,-3.2003,10.419450999999999,-9.535598,-4.703093,-1
1539,1540,1565954393465,5.4542,-1.24,-2.7839,10.11328,-9.655097999999999,-4.270279,-1
1540,1541,1565954393476,5.2075,-1.3417,-2.4931,9.793683999999999,-9.732066,-3.8886719,-1
1541,1542,1565954393486,4.8150997,-1.4311999,-2.1044,9.51518,-9.981887,-3.5379598,-1
1542,1543,1565954393496,4.8939,-1.6292,-1.2713,9.677172,-10.027731,-3.1421216,-1
1543,1544,1565954393506,4.8939,-1.6292,-1.2713,9.86818,-9.842966,-2.6239781000000004,-1
1544,1545,1565954393516,4.9349,-1.1884999,0.20969999,9.872978999999999,-9.575772,-1.6753091,-1
1545,1546,1565954393527,4.5794,-0.9923,1.0265,9.52763,-9.294568,-0.7204056999999999,-1
1546,1547,1565954393537,4.0527997000000004,-0.70769995,1.7686,8.984444,-8.909073,0.0720942,-1
1547,1548,1565954393547,3.576,-0.7033,2.194,8.640262,-8.925028,0.40530962,-1
1548,1549,1565954393557,3.3897,-0.7202,2.5439,8.51925,-8.884644,0.8186733,-1
1549,1550,1565954393567,3.4092,-0.5609,2.8713999,8.616942,-8.688614999999999,1.0623934,-1
1550,1551,1565954393577,3.3976,-0.40309998,3.0010000000000003,8.680859,-8.439819,1.1915079,-1
1551,1552,1565954393588,3.1467,-0.40609998,3.4066,8.488546000000001,-8.4310665,1.5672827,-1
1552,1553,1565954393598,2.4803998,-0.5506,4.0411997,7.7824387999999995,-8.550949000000001,2.2844708,-1
1553,1554,1565954393608,1.9025999,-0.805,4.542,7.408914599999999,-8.717116,2.6707513,-1
1554,1555,1565954393618,1.7903,-1.0482,4.6632,7.391839500000001,-8.911899,2.7588866000000003,-1
1555,1556,1565954393628,2.0465,-1.1328,4.8385,7.684564,-8.929155999999999,2.9179573,-1
1556,1557,1565954393638,2.3322,-1.1409999,4.9786997,8.099537,-8.839163000000001,3.0166557000000003,-1
1557,1558,1565954393649,2.1778998,-1.0682,5.0687,7.7527313,-8.707328,3.2290692,-1
1558,1559,1565954393659,1.3934,-1.0647,5.3819,6.999238,-8.669673,3.4340227,-1
1559,1560,1565954393669,0.1968,-1.1182,5.3943,5.7473,-8.564079,3.2334267999999997,-1
1560,1561,1565954393679,-0.7479,-0.9485,5.0250998,5.1459150000000005,-8.295277,2.870686,-1
1561,1562,1565954393689,-1.2958,-0.5602,4.6608,4.86995,-7.9168015,2.6035220000000003,-1
1562,1563,1565954393700,-1.6299,-0.1083,4.5115,4.5861797,-7.289233,2.4219744,-1
1563,1564,1565954393710,-1.9748,0.27019998,4.3347,4.18018,-6.791996000000001,2.1720965,-1
1564,1565,1565954393720,-2.5647,0.4003,4.1706,3.752279,-6.760814,2.0522618,-1
1565,1566,1565954393730,-3.1346998,0.086799994,4.1359,3.2653081000000004,-7.108959700000001,1.9654863,-1
1566,1567,1565954393740,-3.2141,-0.1494,4.0214,3.3250482000000003,-7.187508,1.871557,-1
1567,1568,1565954393750,-3.0699,-0.1722,3.8355,3.5394633,-7.1387339999999995,1.5577346,-1
1568,1569,1565954393761,-3.1185,-0.2006,3.3306,3.4140837,-7.173402,1.0875612,-1
1569,1570,1565954393771,-3.5791,-0.26729998,2.8995,2.870581,-7.215482000000001,0.65127075,-1
1570,1571,1565954393781,-4.1157,-0.254,2.8128998,2.2448034,-7.0107493000000005,0.6660573000000001,-1
1571,1572,1565954393791,-4.6168,-0.1382,2.6906,1.9302628000000002,-6.966800999999999,0.42526767,-1
1572,1573,1565954393801,-5.0615,-0.0937,2.3915,1.4816851999999998,-6.841019599999999,0.23835714,-1
1573,1574,1565954393811,-5.3441,-0.0458,2.3226,1.33607,-6.8600582999999995,0.099435985,-1
1574,1575,1565954393822,-5.4231,-0.106599994,2.1117,1.4546499,-6.8869214,-0.2523297,-1
1575,1576,1565954393832,-5.1969,-0.0401,1.7766998999999999,1.6395015,-6.739170599999999,-0.71329015,-1
1576,1577,1565954393842,-4.9919,0.2216,0.9098,1.7811328000000002,-6.5290456,-1.9245743000000002,-1
1577,1578,1565954393852,-4.9295,0.3908,-0.13759999,1.7180598999999999,-6.3720336,-2.7359693,-1
1578,1579,1565954393862,-5.0292,0.61259997,-0.93729997,1.554603,-6.286628,-3.5124376000000006,-1
1579,1580,1565954393872,-5.0839,0.5929,-1.4767,1.5568345,-6.387414,-3.7649302000000002,-1
1580,1581,1565954393882,-4.7985,0.48959997,-1.5608,2.174098,-6.457909,-3.7114148,-1
1581,1582,1565954393892,-4.1043997,0.5491,-1.4489,2.7745159,-6.4088473,-3.740442,-1
1582,1583,1565954393903,-3.2983,0.58379996,-1.6456,3.6073244,-6.429399,-4.2173004,-1
1583,1584,1565954393913,-2.5321999,0.57159996,-2.2454998,4.143099299999999,-6.6059092999999995,-4.753639700000001,-1
1584,1585,1565954393923,-1.8274,0.2665,-2.8483999,4.982698,-7.014513000000001,-5.3302879999999995,-1
1585,1586,1565954393933,-1.0246998999999999,0.0115,-3.2031999,6.0909066,-7.3304615,-5.481343,-1
1586,1587,1565954393944,0.082899995,-0.154,-3.2763,7.0242047,-7.469948,-5.416125,-1
1587,1588,1565954393954,1.2587,-0.26119998,-3.2148,8.191646,-7.553562599999999,-5.218737,-1
1588,1589,1565954393964,2.0983,-0.2826,-3.0284,8.475311,-7.6695375,-4.9909143,-1
1589,1590,1565954393974,2.3435,-0.4258,-2.7296999,8.425386999999999,-8.019934,-4.5298295,-1
1590,1591,1565954393984,2.2795,-0.6605,-2.4078,8.479486,-7.998500999999999,-4.313470400000001,-1
1591,1592,1565954393994,2.3813,-0.5717,-2.3058,8.603947999999999,-7.951450299999999,-4.4242360000000005,-1
1592,1593,1565954394005,2.5628,-0.4825,-2.5084,8.693049,-7.969522,-4.512802,-1
1593,1594,1565954394015,2.6864998,-0.4632,-2.5877,8.790934,-7.9513545,-4.331264,-1
1594,1595,1565954394026,2.8198,-0.4084,-2.4292,8.812864999999999,-7.942113000000001,-4.14625,-1
1595,1596,1565954394036,2.8516,-0.3692,-2.2596,8.766119999999999,-7.864416599999999,-3.8205807000000003,-1
1596,1597,1565954394046,2.7872,-0.2306,-1.8763,8.263539,-7.767758000000001,-3.3702796000000004,-1
1597,1598,1565954394056,1.7455,-0.13599999,-1.1708,7.496973,-7.738175,-3.010067,-1
1598,1599,1565954394067,1.1752,-0.0665,-1.081,7.1041617,-7.6779366,-2.9345062,-1
1599,1600,1565954394077,1.1752,-0.0665,-1.081,6.753516,-7.647673599999999,-2.6328845000000003,-1
1600,1601,1565954394087,0.59459996,-0.0831,-0.3353,6.5158873,-7.698699,-2.1719720000000002,-1
1601,1602,1565954394098,0.5487,-0.1073,-0.22919999,6.4868692999999995,-7.7184563,-2.0175745,d
1602,1603,1565954394108,0.5645,-0.0705,-0.093899995,6.4744864,-7.692905400000001,-1.9014558000000001,-1
1603,1604,1565954394118,0.4922,-0.1608,-0.1161,6.414152,-7.8415756,-1.9201689999999998,-1
1604,1605,1565954394128,0.6148,-0.2227,-0.17799999,6.513962,-7.86953,-1.9589646,-1
1605,1606,1565954394138,0.7339,-0.17,-0.16939999,6.66292,-7.802435000000001,-1.9323123,-1
1606,1607,1565954394148,0.7492,-0.0931,-0.18699999,6.592664200000001,-7.6932979999999995,-1.9494643,-1
1607,1608,1565954394158,0.502,-0.0423,-0.1134,6.3311696,-7.699724000000001,-1.8231366999999998,-1
1608,1609,1565954394168,-0.0647,-0.11449999,0.0711,5.878425599999999,-7.734172,-1.6879984000000001,-1
1609,1610,1565954394178,-0.4956,-0.25669998,0.0413,5.434378,-7.8444967000000005,-1.7008888,-1
1610,1611,1565954394188,-0.6095,-0.1906,0.1487,5.364161,-7.7890562999999995,-1.6018455,-1
1611,1612,1565954394198,-0.49269998,-0.0026,0.3143,5.519593,-7.5760107,-1.4559811000000003,-1
1612,1613,1565954394209,-0.3629,0.1695,0.18969999,5.624132599999999,-7.420665700000001,-1.5589509,-1
1613,1614,1565954394218,-0.3004,0.2262,0.0994,5.686957,-7.371842999999999,-1.6001121,-1
1614,1615,1565954394228,-0.2082,0.14639999,0.1732,5.794016,-7.4350977,-1.5463861,-1
1615,1616,1565954394238,-0.0083,0.21329999,0.3556,6.0129514,-7.36535,-1.2914706,-1
1616,1617,1565954394248,-0.0061999997,0.1907,0.5477,5.9883676,-7.4081583,-1.0791817,-1
1617,1618,1565954394258,-0.0061999997,0.1907,0.5477,5.967729599999999,-7.400803,-1.0689728,-1
1618,1619,1565954394269,-0.1064,0.20189999,0.8311,5.929662,-7.356758999999999,-0.8281927,-1
1619,1620,1565954394279,-0.23429999,0.3267,0.9331,5.831107,-7.2357087,-0.7148416,-1
1620,1621,1565954394289,-0.28059998,0.4155,0.96279997,5.775082599999999,-7.150676,-0.6374706,-1
1621,1622,1565954394299,-0.2938,0.3708,1.0175999,5.7639830000000005,-7.213489999999999,-0.51965666,-1
1622,1623,1565954394309,-0.30249998,0.3008,1.1665,5.715879,-7.287145599999999,-0.23516805,-1
1623,1624,1565954394319,-0.3951,0.2548,1.4667,5.6330204,-7.361930999999999,0.028845342000000003,-1
1624,1625,1565954394330,-0.6307,0.2232,1.6014,5.413864599999999,-7.3859878,0.18636465,-1
1625,1626,1565954394340,-0.8037,0.2261,1.7126,5.217578400000001,-7.399825999999999,0.43345585,-1
1626,1627,1565954394350,-0.99079996,0.26479998,1.8375,4.9068685,-7.385364999999999,0.6293494000000001,-1
1627,1628,1565954394360,-1.2379,0.2626,1.8578999,4.710257,-7.419937599999999,0.69676054,-1
1628,1629,1565954394370,-1.3553,0.37849998,1.8319,4.5681944,-7.374945599999999,0.783105,-1
1629,1630,1565954394381,-1.3583,0.4087,1.7773999,4.5235567,-7.4182234,0.8984673000000001,-1
1630,1631,1565954394391,-1.2673,0.3999,1.8237,4.582933000000001,-7.413588000000001,1.105652,-1
1631,1632,1565954394401,-1.0734999,0.5361,1.8456999,4.6653123,-7.44342,1.3677117,-1
1632,1633,1565954394411,-0.9659,0.5586,1.8829999,4.6027569999999995,-7.550440299999999,1.5624752,-1
1633,1634,1565954394421,-1.0156,0.3369,2.0131,4.4446054,-7.947667599999999,2.146785,-1
1634,1635,1565954394432,-1.0268999,0.20279999,2.3534,4.3344629999999995,-8.055272,2.4602435000000002,-1
1635,1636,1565954394442,-1.0094,0.1545,2.4484,4.1558456,-8.184502,2.7780688,-1
1636,1637,1565954394452,-1.023,0.1504,2.3567998,4.0609875,-8.181399,2.7776859,-1
1637,1638,1565954394462,-1.0396,0.24669999,1.9729999,3.7077088,-8.009055,2.3675592,-1
