,Seq,Time,ACCx,ACCy,ACCz,ADGx,ADGy,ADGz,Keydown
0,1,1565431763502,-4.6682,-0.081,4.4311,5.843011,-1.7012813999999998,2.9418227999999997,-1
1,2,1565431763512,-3.2114,1.0458,4.9491,8.363856,-0.68040335,-0.9508523999999999,-1
2,3,1565431763522,-3.2114,1.0458,4.9491,8.345335,-0.71218884,-0.8727153,-1
3,4,1565431763532,-1.3895,0.0361,0.1898,8.215646000000001,-0.58726895,-0.5920095000000001,-1
4,5,1565431763543,-1.5942999,0.1443,0.7507,8.459663,-0.5613158,-0.2830138,-1
5,6,1565431763553,-0.8347,0.114999995,0.34899998,9.348514999999999,-0.42227972,-0.39998493,-1
6,7,1565431763563,-0.1413,0.4597,-0.1832,9.585896,-0.22478679999999998,-1.3000898,-1
7,8,1565431763574,-0.2986,0.2995,-0.76479995,9.550365,-0.35991555,-1.5583189,-1
8,9,1565431763584,0.2224,0.47959998,-0.7306,10.430695,0.021940464,-1.2058158,-1
9,10,1565431763594,0.86179996,0.61149997,-0.3083,10.91641,-0.17322528,-1.1303887,-1
10,11,1565431763605,1.2066,0.37559998,-0.3829,10.942364,-0.30839235,-1.2406083,-1
11,12,1565431763615,1.1493,0.16319999,-0.4606,10.810587,-0.4535767,-1.3084313,-1
12,13,1565431763625,0.8558,0.012499999,-0.33969998,10.275243,-0.6660286,-0.9122386999999998,-1
13,14,1565431763635,0.31669998,-0.20809999,0.1196,9.747313,-0.9190190999999999,-0.53413683,-1
14,15,1565431763645,-0.075399995,-0.45899999999999996,0.385,9.52355,-1.0552397,-0.45078029999999997,-1
15,16,1565431763656,-0.3005,-0.54469997,0.49589998,9.4593,-0.96939313,-0.35425565,-1
16,17,1565431763667,-0.271,-0.29639998,0.6361,9.606169,-0.6986760000000001,-0.5695614,-1
17,18,1565431763677,-0.15359999,-0.1532,0.29979998,9.680513000000001,-0.6457736999999999,-1.0884902,-1
18,19,1565431763687,-0.074099995,0.050699997999999996,-0.53929996,9.68627,-0.5261498,-1.4059039,-1
19,20,1565431763697,-0.074099995,0.050699997999999996,-0.53929996,9.7553,-0.47946283,-1.6696875,-1
20,21,1565431763708,0.2733,0.2017,-1.2314999,10.029061,-0.39093485,-2.1349864,-1
21,22,1565431763718,0.2733,0.2017,-1.2314999,10.302069,-0.36147657,-1.9078148999999998,-1
22,23,1565431763728,0.98399997,0.15179999,-0.4854,10.735888000000001,-0.476992,-1.4150306000000001,-1
23,24,1565431763738,0.98399997,0.15179999,-0.4854,11.172399,-0.5819251,-1.1445816999999998,-1
24,25,1565431763748,2.2510998,0.1245,0.3154,12.008827,-0.5191491,-0.6180584,-1
25,26,1565431763759,2.7117,0.2899,0.8534,12.503872,-0.32651165,0.014279018999999999,-1
26,27,1565431763769,2.7299,0.3153,1.1517,12.479096,-0.3123763,0.24483107,-1
27,28,1565431763779,2.3446,0.28779998,1.2375,11.958664,-0.31458852,0.31791168,-1
28,29,1565431763789,1.8211,0.2112,1.1121,11.58492,-0.34584722,0.23901795,-1
29,30,1565431763799,1.4053,0.101399995,0.7313,11.1275215,-0.42923248,-0.25389072,-1
30,31,1565431763809,1.3528,0.0117,0.3821,11.1235285,-0.47330493,-0.48700938,-1
31,32,1565431763820,1.5464,-0.084699996,0.4019,11.37602,-0.5434741999999999,-0.36326742,-1
32,33,1565431763830,1.78,-0.2683,0.89019996,11.551305000000001,-0.67811453,0.06663542,-1
33,34,1565431763840,1.9454999,-0.4342,1.6880000000000002,11.729289999999999,-0.7904217,1.0045495,-1
34,35,1565431763850,1.9738,-0.5157,2.4796999,11.748089,-0.8366394,1.6362165000000002,-1
35,36,1565431763860,1.8737999,-0.48819998,3.109,11.599993,-0.74451053,2.3666205000000002,-1
36,37,1565431763870,1.5081999,-0.3804,3.2893999,11.101875,-0.55718815,2.4622927000000003,-1
37,38,1565431763880,0.8965,-0.3292,3.0728998,10.576759,-0.47744215,2.2434053,-1
38,39,1565431763891,0.15699999,-0.3529,2.8367,9.663582,-0.35453337,1.9763081000000002,-1
39,40,1565431763901,-0.6016,-0.3284,2.4787,9.058041000000001,-0.34002453,1.7318506,-1
40,41,1565431763911,-1.2516,-0.3778,2.2203,8.35223,-0.31993237,1.4850085,-1
41,42,1565431763921,-1.6654999,-0.44739997,2.1408,8.053232000000001,-0.34135570000000004,1.5761987,-1
42,43,1565431763931,-1.9413999,-0.58529997,2.4591,7.8560175999999995,-0.4052426,1.8702163,-1
43,44,1565431763941,-2.217,-0.7424,2.7335,7.546782,-0.5560676999999999,2.1845462,-1
44,45,1565431763951,-2.4338999,-0.9579,2.7691998,7.288256,-0.78628457,2.273735,-1
45,46,1565431763961,-2.5530999,-1.194,2.7976,7.2446246,-0.95790094,2.334136,-1
46,47,1565431763972,-2.5746,-1.1581,2.8874,7.182902,-0.7930937,2.427146,-1
47,48,1565431763984,-2.7042,-0.9813,2.6648,6.930352,-0.6543066,2.0413346000000003,-1
48,49,1565431763994,-2.9808998,-0.89199996,2.1592999,6.6836057,-0.5420568,1.6586167,-1
49,50,1565431764004,-3.3063998,-0.79039997,1.4796,6.3062315,-0.37151307,0.70668215,-1
50,51,1565431764014,-3.642,-0.5898,0.46899998,6.0160540000000005,-0.25328737,-0.12197021400000001,-1
51,52,1565431764024,-3.9731998,-0.5656,-0.3946,5.613206,-0.22009417,-1.0183401,-1
52,53,1565431764034,-4.3423,-0.5645,-0.8703,5.122337,-0.16527654,-1.4343758999999998,-1
53,54,1565431764045,-4.7511997,-0.5469,-1.12,4.874374400000001,-0.23798364,-1.5922111,-1
54,55,1565431764055,-5.0115,-0.7053,-1.111,4.783030999999999,-0.33863590000000005,-1.5153476000000001,-1
55,56,1565431764065,-4.9572,-0.7659999999999999,-0.9586,4.949552,-0.31397559999999997,-1.5836974,-1
56,57,1565431764076,-4.6963,-0.7284,-1.0186,5.262666,-0.31025025,-1.9592901000000003,-1
57,58,1565431764085,-4.464299700000001,-0.72209996,-1.2853999,5.4084535,-0.26885929999999997,-2.2434247000000003,-1
58,59,1565431764095,-4.2706,-0.6016,-1.5798,5.7540325999999995,-0.015916653,-2.934803,-1
59,60,1565431764105,-3.9587,-0.39659998,-2.1401,5.983234400000001,0.08269572,-3.5227422999999995,-1
60,61,1565431764115,-3.6467,-0.2557,-2.8355,6.1751347,0.17325401,-4.1396704,-1
61,62,1565431764125,-3.5114,-0.1104,-3.3816998,6.2253940000000005,0.27560136,-4.759855,-1
62,63,1565431764136,-3.4842,-0.0379,-3.7486,6.4522877,0.312089,-5.4083676,-1
63,64,1565431764146,-3.2126,0.052199997000000005,-4.2328997,6.810881,0.37431905,-5.606109,-1
64,65,1565431764156,-2.6864998,0.21059999,-4.282099700000001,7.6057467,0.6950463000000001,-5.4617486,-1
65,66,1565431764166,-1.9641,0.5564,-4.0786,8.585099000000001,0.72638166,-5.4342823,-1
66,67,1565431764177,-1.1243,0.6256,-4.0188,9.287587,0.6569210999999999,-5.293226,-1
67,68,1565431764187,-0.2356,0.6508,-3.7981,10.498277999999999,0.73365045,-5.3629065,-1
68,69,1565431764197,0.79999995,0.7877,-3.8576998999999996,11.396572,0.67233974,-5.607076599999999,-1
69,70,1565431764207,1.9042,0.8517,-4.16,12.766478,0.9288065999999999,-5.9168673,-1
70,71,1565431764218,3.0753999,1.1262,-4.3661,13.556354,1.1176803999999998,-6.024482,-1
71,72,1565431764228,4.4244,1.3686,-4.3813,14.1138,1.049685,-5.9387026,-1
72,73,1565431764238,4.4244,1.3686,-4.3813,14.172362,0.8831636,-5.8564663,-1
73,74,1565431764248,4.474,1.1791999,-4.268399700000001,14.074746,0.62224346,-5.641907700000001,-1
74,75,1565431764258,4.1187,0.59569997,-3.3818,13.7777405,0.11350431,-4.805057499999999,-1
75,76,1565431764269,4.0087,0.3649,-2.8302999,13.702428,-0.06709511,-4.338629,-1
76,77,1565431764279,3.8679997999999998,0.2395,-2.2382998,13.535283999999999,-0.22752577,-3.6279912000000003,-1
77,78,1565431764289,3.6864998,0.062699996,-1.7246,13.380398999999999,-0.39134663,-3.1748933999999998,-1
78,79,1565431764299,3.3669,-0.028199999,-1.1093998999999999,12.970004,-0.5084327000000001,-2.4119284,-1
79,80,1565431764309,2.8997,-0.1899,-0.5573,12.610558000000001,-0.65234333,-1.9231665,-1
80,81,1565431764320,2.3734999,-0.33399999999999996,0.100499995,12.022484,-0.8309508,-1.0598173999999998,-1
81,82,1565431764330,2.0039,-0.4396,0.6861,11.722308,-0.9106586,-0.58137923,-1
82,83,1565431764340,1.7119,-0.47649997,0.733,11.3780985,-0.9968115,-0.45140280000000005,-1
83,84,1565431764350,1.5173999,-0.6429,0.7227,11.254453,-1.1487668,-0.40554905,-1
84,85,1565431764360,1.4602,-0.72569996,0.5836,11.182205,-1.2095698000000001,-0.48622406,-1
85,86,1565431764370,1.3447,-0.73039997,0.6344,11.013844500000001,-1.1313561,-0.21096748,-1
86,87,1565431764380,1.063,-0.7001,0.8693,10.697217,-1.0942938,0.042990282000000005,-1
87,88,1565431764390,0.4583,-0.6367,1.3088,9.894881,-0.9850033000000001,0.67655355,-1
88,89,1565431764400,-0.37109998,-0.5779,1.8359999999999999,9.197392,-0.8709148000000001,1.0752552,-1
89,90,1565431764410,-1.239,-0.52739996,2.0451,8.537015,-0.7790157,1.2545998999999999,-1
90,91,1565431764421,-1.9585999,-0.4386,2.4487,7.7066193,-0.5609423000000001,1.8023071,-1
91,92,1565431764431,-2.4219,-0.2365,2.7637,7.2414355,-0.27040115,2.0546944,-1
92,93,1565431764441,-2.6587,-0.1047,2.7421,7.113259299999999,-0.14078863,1.9764709999999999,-1
93,94,1565431764451,-2.7279,0.0064999997,2.6002,7.059974,-0.026336217000000002,1.8709631999999998,-1
94,95,1565431764461,-2.7568,-0.07,2.5082,7.019425999999999,-0.06728664,1.7697459999999998,-1
95,96,1565431764471,-2.7849998,-0.17999999,2.3753998,7.0195217,-0.14681245,1.5133749,-1
96,97,1565431764481,-2.8323998,-0.18779999,2.0216,6.902042999999999,-0.11293928,1.2210428999999998,-1
97,98,1565431764492,-3.0951998,-0.22369999,1.9743998999999999,6.579879300000001,-0.14332649,1.269875,-1
98,99,1565431764502,-3.4362,-0.2584,2.253,6.261096,-0.13156618,1.475355,-1
99,100,1565431764512,-3.8553,-0.3005,2.4558,5.775523000000001,-0.17446070000000002,1.6702813000000003,-1
100,101,1565431764522,-4.225,-0.28849998,2.4273,5.4443765,-0.13608642,1.5455433,-1
101,102,1565431764532,-4.6335998,-0.3076,2.1571,5.009455,-0.16990213,1.0562643,-1
102,103,1565431764542,-4.8559,-0.4515,1.6231999,5.0500803,-0.30797094,0.34290713,-1
103,104,1565431764553,-4.5379,-0.4599,1.2172999,5.4278374000000005,-0.25708938,0.16851349,-1
104,105,1565431764563,-4.0346,-0.3071,1.0948,5.9156794999999995,-0.18040788,-0.017152062,-1
105,106,1565431764573,-3.8042998,-0.2958,1.0251,5.959168,-0.27546728,-0.10660902,-1
106,107,1565431764583,-3.7989,-0.3976,1.1254,5.7886724,-0.4780263,0.16616717,-1
107,108,1565431764593,-4.067199700000001,-0.5349,1.4434999,5.54476,-0.6128677,0.3353319,-1
108,109,1565431764603,-4.3747,-0.6574,1.6797999,5.184451999999999,-0.81395197,0.54811895,-1
109,110,1565431764614,-4.6528,-0.7242,1.7935,4.979652400000001,-0.9557462,0.4715811,-1
110,111,1565431764624,-4.7734,-0.8497,1.5424,5.0612655,-1.0813843,-0.05617755,-1
111,112,1565431764634,-4.5298,-0.7951,1.097,5.434378,-1.0511408000000002,-0.6205771,-1
112,113,1565431764644,-3.872,-0.6569,0.35369998,6.433123999999999,-0.9947046,-1.5257385,-1
113,114,1565431764654,-2.7495,-0.486,-0.2891,7.8757649999999995,-0.81742835,-2.2683527000000003,-1
114,115,1565431764665,-1.4952999,-0.1688,-0.8616,8.790886,-0.76300335,-2.6994529,-1
115,116,1565431764675,-0.4252,-0.074999996,-1.1790999,9.914159,-0.8774079,-3.0249875,-1
116,117,1565431764685,0.5182,0.0252,-1.3752999,10.743405000000001,-0.7714214,-3.2195117000000004,-1
117,118,1565431764695,1.5900999,0.2662,-1.5345,11.853394999999999,-0.7665276,-3.6051314,-1
118,119,1565431764706,2.3676999,0.27969998,-1.9231,12.323444,-0.91705585,-4.309591999999999,-1
119,120,1565431764716,3.0269999999999997,0.2498,-2.6768,13.009172,-0.9972904,-4.9904833,-1
120,121,1565431764726,3.5584998,0.2548,-3.0661,13.285243,-1.0032759,-5.0667725,-1
121,122,1565431764736,3.8151,0.23699999,-3.0314999,13.359321,-1.1925614,-4.8529606,-1
122,123,1565431764746,3.8739998,0.1384,-2.7356,13.432028,-1.2848053,-4.679017,-1
123,124,1565431764757,3.9601,0.050899997,-2.4865,13.435293,-1.408097,-4.2999763,-1
124,125,1565431764767,3.975,0.0354,-2.0011,13.398957999999999,-1.4029543,-3.9263184,-1
125,126,1565431764777,3.9485997999999998,0.0451,-1.7098999,13.342244,-1.4503882,-3.966943,-1
126,127,1565431764787,3.7103,0.17469999,-1.8097999,13.151935,-1.3246831000000001,-4.0580378,-1
127,128,1565431764797,3.7103,0.17469999,-1.8097999,12.879762,-1.2879655,-4.200847,-1
128,129,1565431764808,2.9722,0.14389999,-2.2171,12.404368,-1.3943447,-4.464381700000001,-1
129,130,1565431764818,2.9722,0.15699999,-2.0111,11.793235000000001,-1.4170992,-4.2340406999999995,-1
130,131,1565431764828,2.0281,0.089099996,-1.8621,11.471387,-1.4665252,-4.08921,-1
131,132,1565431764838,1.7306,0.14800000000000002,-1.5691998999999999,11.090929,-1.4176354,-3.6699377999999996,-1
132,133,1565431764848,1.3550999,0.0695,-1.2257,10.801048,-1.5130397,-3.4148402,-1
133,134,1565431764859,1.0583999,-0.0687,-0.8803,10.451369999999999,-1.6689308999999997,-2.9626904,-1
134,135,1565431764869,0.8405,-0.2175,-0.4247,10.287511,-1.8111944,-2.5824244,-1
135,136,1565431764879,0.8285,-0.2907,0.0517,10.267075,-1.8863341,-2.0151708,-1
136,137,1565431764889,0.7959,-0.23959999,0.3204,10.249156,-1.8424147000000002,-1.8020486,-1
137,138,1565431764899,0.6637,-0.1538,0.2033,10.090191,-1.7212011999999999,-1.913398,-1
138,139,1565431764909,0.3635,0.005,0.0739,9.829317999999999,-1.5826917999999999,-2.0071263,-1
139,140,1565431764920,-0.1435,0.0413,-0.0559,9.218060000000001,-1.5232774,-2.1710334,-1
140,141,1565431764930,-0.68,0.0154,-0.2915,8.795627,-1.5473918,-2.331646,-1
141,142,1565431764940,-0.9801,0.057999999999999996,-0.2676,8.486689,-1.4839454,-2.2526374,-1
142,143,1565431764950,-1.0426999,0.1329,0.028999999999999998,8.4484005,-1.3736302,-1.8949243999999998,-1
143,144,1565431764960,-0.96599996,0.11409999400000001,0.3119,8.564873,-1.4156243999999998,-1.6698119999999999,-1
144,145,1565431764971,-0.65239996,0.1196,0.55939996,8.998253,-1.4075512,-1.3881677,-1
145,146,1565431764981,-0.3475,0.1291,0.7696,9.221459,-1.4444888999999999,-1.2366244,-1
146,147,1565431764991,-0.1604,0.0513,0.7237,9.383509,-1.431522,-1.3735343,-1
147,148,1565431765001,-0.1016,0.1292,0.48839998,9.342586500000001,-1.3679128,-1.6171108,-1
148,149,1565431765011,-0.2694,0.1457,0.1916,9.115559,-1.3814832000000001,-1.9627091,s
149,150,1565431765022,-0.50659996,0.1209,-0.0779,8.961008999999999,-1.3769053999999998,-2.1854465,-1
150,151,1565431765032,-0.6166,0.1927,-0.29839998,8.8989315,-1.3232658000000002,-2.3672717,-1
151,152,1565431765042,-0.5776,0.15959999,-0.3363,8.998483,-1.3543615,-2.2754686,-1
152,153,1565431765052,-0.4197,0.129,-0.1344,9.157458,-1.4242244,-2.0838652,-1
153,154,1565431765062,-0.1819,0.0324,0.120699994,9.416788,-1.5288128,-1.7655609,-1
154,155,1565431765073,0.026899998999999997,-0.033,0.3775,9.566416,-1.5282093,-1.6213247,-1
155,156,1565431765083,0.15689999,-0.00029999999,0.4064,9.647867,-1.5376712,-1.8032074,-1
156,157,1565431765093,0.1481,-0.067099996,0.0667,9.580407000000001,-1.5419617,-2.1590621,-1
157,158,1565431765103,0.0004,-0.0381,-0.33799999999999997,9.466051,-1.5405252,-2.4622450000000002,-1
158,159,1565431765113,-0.109799996,-0.059699997000000005,-0.64199996,9.356406,-1.544873,-2.7939568,-1
159,160,1565431765124,-0.1329,-0.043199997000000004,-0.66539997,9.274333,-1.4851329,-2.4950742999999997,-1
160,161,1565431765134,-0.2537,0.021,-0.34379998,9.220608,-1.4571973999999999,-2.3258232999999997,-1
161,162,1565431765144,-0.2861,0.065299995,-0.21669999,9.193553,-1.3616591999999998,-2.0927908,-1
162,163,1565431765154,-0.308,0.1501,0.058799997,9.220837,-1.3408488,-1.7810179,-1
163,164,1565431765164,-0.2604,0.12,0.2391,9.301406,-1.3970453999999999,-1.7491558999999997,-1
164,165,1565431765175,-0.15339999,0.1019,0.1942,9.411597,-1.399794,-1.7291020000000001,-1
165,166,1565431765185,-0.0857,0.10439999400000001,0.2861,9.447194,-1.3392589,-1.6612025000000001,-1
166,167,1565431765195,-0.0277,0.1944,0.3003,9.453408999999999,-1.290082,-1.7804912,-1
167,168,1565431765205,-0.0682,0.2144,0.1568,9.407478999999999,-1.2936733999999999,-1.9619334,-1
168,169,1565431765215,-0.1285,0.2332,-0.0755,9.369919,-1.1992556,-2.181156,-1
169,170,1565431765225,-0.12979999,0.3002,-0.26659998,9.3586855,-1.1643578,-2.2736392000000003,-1
170,171,1565431765236,-0.1501,0.3863,-0.31759998,9.286783,-1.1167227,-2.3162849999999997,s
171,172,1565431765247,-0.2584,0.3739,-0.3665,9.193475999999999,-1.1949749,-2.398157,-1
172,173,1565431765257,-0.3374,0.2534,-0.4163,9.202688,-1.2310219,-2.1528183999999997,-1
173,174,1565431765267,-0.17029999,0.16699999999999998,0.36859998,9.334705,-1.3230742,-1.5839751,-1
174,175,1565431765278,-0.091699995,0.024699999,0.5915,9.436047,-1.4980233,-1.2924858,-1
175,176,1565431765288,-0.0525,-0.0563,0.7723,9.4541855,-1.5576389,-1.1771715,-1
176,177,1565431765298,-0.0525,-0.0563,0.7723,9.46947,-1.6387736000000002,-1.1376481,-1
177,178,1565431765308,0.0254,-0.1363,0.6088,9.537724,-1.6594595,-1.3286479,-1
178,179,1565431765318,0.1325,-0.1365,0.1855,9.660948,-1.6644107,-1.839264,-1
179,180,1565431765328,0.3081,-0.0687,-0.23809999,9.823504,-1.6070265,-2.1538717999999997,-1
180,181,1565431765339,0.4739,-0.0328,-0.39519998,9.961756,-1.5823948,-2.3237544999999997,-1
181,182,1565431765349,0.5221,-0.069,-0.2936,10.027041,-1.6137207,-2.190455,-1
182,183,1565431765359,0.4822,-0.088999994,-0.1696,10.010809,-1.6454103,-2.0610726,-1
183,184,1565431765369,0.5205,-0.081199996,-0.2216,10.032642999999998,-1.6231635,-2.1109962,-1
184,185,1565431765379,0.64669997,-0.024899999,-0.5595,10.222121000000001,-1.5339555,-2.5790055,-1
185,186,1565431765390,0.88019997,0.0999,-1.1748999,10.397175,-1.4421713,-3.0502417,-1
186,187,1565431765400,1.1712999,0.2236,-1.9426999,10.76683,-1.3336278,-4.002502,-1
187,188,1565431765410,1.5209999,0.1777,-2.4738,11.210409,-1.3342791,-4.3835053,-1
188,189,1565431765420,1.9205999,0.12619999,-2.5455,11.511695,-1.3972178,-4.3665257,-1
189,190,1565431765430,2.1338,0.105399996,-2.424,11.659303,-1.3978211999999999,-4.2752685999999995,-1
190,191,1565431765440,2.1790000000000003,0.0053,-2.2714,11.678561,-1.4945852,-4.127345,-1
191,192,1565431765451,2.0067,-0.0755,-2.405,11.542330999999999,-1.499479,-4.2642264,-1
192,193,1565431765461,1.8816998999999999,-0.075399995,-2.6511,11.391516000000001,-1.4241190000000001,-4.5440035000000005,-1
193,194,1565431765471,1.7451999,0.0187,-2.5809,11.291736,-1.2712731000000002,-4.365894,-1
194,195,1565431765481,1.6564,0.0332,-2.4204,11.187204,-1.2263772,-4.205425,-1
195,196,1565431765491,1.5659,0.0477,-2.2310998,11.167878,-1.1222007,-3.96136,-1
196,197,1565431765501,1.6703999,0.1136,-2.0521,11.279238000000001,-1.0296983,-3.7794101,-1
197,198,1565431765511,1.7937,0.0629,-1.7238,11.442388000000001,-1.1005762,-3.3155384,-1
198,199,1565431765521,1.9756,-0.057099998,-1.5071,11.629317,-1.1160139999999998,-3.1473122000000004,-1
199,200,1565431765531,2.0981,-0.0916,-1.3143,11.715786,-1.1149797,-2.7487923999999997,-1
200,201,1565431765542,2.0537999,-0.2105,-0.7205,11.670833,-1.1388258999999998,-2.115057,-1
201,202,1565431765552,1.8625,-0.2383,-0.019199999,11.460861,-1.0735313999999998,-1.275736,-1
202,203,1565431765562,1.6021999,-0.1637,0.4917,11.101224,-0.92859596,-0.70619375,-1
203,204,1565431765572,1.3120999,-0.1716,0.81949997,10.875355,-0.8360361,-0.36735672,-1
204,205,1565431765582,0.9733,-0.0652,1.1725999,10.437005000000001,-0.5626278,-0.008274361,-1
205,206,1565431765593,0.5765,0.11669999,1.3086,10.114994,-0.39628828,0.1347744,-1
206,207,1565431765603,0.1516,0.12019999,1.4169999,9.679786,-0.30815290000000006,0.47927129999999996,-1
207,208,1565431765613,-0.19299999,0.1328,1.8152,9.460774,-0.20965546,1.0051625,-1
208,209,1565431765623,-0.39799999999999996,0.1857,2.4095,9.154336,-0.0055162404000000005,1.6904023000000001,-1
209,210,1565431765633,-0.6798,0.2402,2.8832,8.891931,0.08626787,2.0563703,-1
210,211,1565431765644,-1.0777,0.2174,3.2057998,8.383173,0.053275775,2.4182584,-1
211,212,1565431765654,-1.6208999,0.059699997000000005,3.4692998,7.8393345000000005,-0.05357266,2.5862548,-1
212,213,1565431765664,-2.0053,-0.0546,3.5191,7.6665597000000005,-0.11452903,2.615177,-1
213,214,1565431765674,-2.2017,-0.18349999,3.5714,7.5692205,-0.11237425,2.728528,-1
214,215,1565431765684,-2.2001998,-0.24929999,3.6871,7.591056299999999,-0.13550225,2.7615776000000003,-1
215,216,1565431765695,-2.1382,-0.32209998,3.7561,7.572745299999999,-0.15394717,2.900403,-1
216,217,1565431765705,-2.241,-0.3942,3.8797998,7.391034599999999,-0.1524436,2.6963402999999997,-1
217,218,1565431765715,-2.4796999,-0.52349997,3.4531998999999995,7.153950999999999,-0.24070346,2.1342967,-1
218,219,1565431765725,-2.7867,-0.72999996,2.7702,6.788625,-0.39591476,1.5128099,-1
219,220,1565431765736,-3.0637,-0.8548,2.6568,6.5098248,-0.38762125,1.5756145000000001,-1
220,221,1565431765746,-3.2612997999999997,-0.87549996,2.7463,6.3437247,-0.34343386,1.5432353,-1
221,222,1565431765757,-3.6638,-0.96309996,2.6478,6.0913663,-0.3843843,1.4075223999999997,-1
222,223,1565431765767,-3.6638,-0.96309996,2.6478,5.906285,-0.35060690000000005,1.2458755,-1
223,224,1565431765777,-3.8,-0.95,2.5892,5.842877,-0.27375302,0.7315531,-1
224,225,1565431765787,-3.8369,-0.8892,1.9988999,5.976234,-0.22891441,-0.16293979,-1
225,226,1565431765797,-3.6961,-0.8519,1.3556,6.0526953,-0.09983821,-0.5751351,-1
226,227,1565431765807,-3.5451,-0.6814,0.5977,6.100215400000001,-0.047424346,-1.1111202,-1
227,228,1565431765818,-3.5451,-0.6814,0.5977,6.012683,0.07441179,-1.7433811000000001,-1
228,229,1565431765828,-3.7779,-0.516,-0.489,5.826146,0.15834293,-2.4219458,-1
229,230,1565431765838,-3.7652997999999998,-0.44739997,-1.067,5.8593583,0.25188917,-3.2403414,-1
230,231,1565431765849,-3.7652997999999998,-0.44739997,-1.067,6.009456,0.37622485,-3.5278945,-1
231,232,1565431765859,-3.2675998,-0.1213,-1.6171,6.3413305,0.55183476,-4.0052695,-1
232,233,1565431765869,-2.9199998,-0.0312,-2.2672,6.5911894,0.6012989000000001,-4.632905,-1
233,234,1565431765879,-2.4456,0.0641,-2.8841999,7.141894000000001,0.6731921,-5.430289299999999,-1
234,235,1565431765889,-1.9228,0.17379999,-3.2324,7.5407777000000005,0.7374236999999999,-5.788978599999999,-1
235,236,1565431765899,-1.4214,0.27539998,-3.5414,8.110723,0.80920184,-6.277635,-1
236,237,1565431765910,-0.9716,0.317,-3.8334,8.450258,0.8142201,-6.5450196,-1
237,238,1565431765920,-0.6513,0.42339998,-3.8507998,8.812577000000001,0.90880066,-6.587627,-1
238,239,1565431765930,-0.3911,0.5065,-3.6,9.009955999999999,0.9664434999999999,-6.4178489999999995,-1
239,240,1565431765940,-0.37899998,0.5385,-3.5368,9.006651,0.94711745,-6.417083,-1
240,241,1565431765950,-0.4089,0.47779998,-3.6104998999999998,8.963393,0.88642925,-6.5053816,-1
241,242,1565431765961,-0.4251,0.5101,-3.7143,8.961133,0.85467255,-6.677792500000001,-1
242,243,1565431765971,-0.3073,0.4094,-3.9448,9.164344,0.6820794,-6.9764643,-1
243,244,1565431765981,-0.046499997,0.2686,-4.1584997,9.420418,0.5381974,-7.123727000000001,-1
244,245,1565431765991,0.34739998,0.1739,-4.2681,9.9173765,0.37172374,-7.1605495999999995,-1
245,246,1565431766001,0.7973,0.1105,-4.2317,10.248438,0.28785965,-7.038742,-1
246,247,1565431766012,0.9406,0.0532,-4.117,10.335156,0.12018893,-6.77765,-1
247,248,1565431766022,0.85639995,-0.0911,-3.7756,10.209825,-0.032187648,-6.459834,-1
248,249,1565431766032,0.5783,-0.1964,-3.4429,9.842303999999999,-0.19435172,-5.900663,-1
249,250,1565431766043,0.1735,-0.2395,-2.9478998,9.348736,-0.24913105,-5.179568,-1
250,251,1565431766053,-0.3168,-0.2628,-2.2152998,8.998961,-0.24494599,-4.445678,-1
251,252,1565431766063,-0.82729995,-0.26909998,-1.4672999,8.423021,-0.36111265,-3.6508415000000003,-1
252,253,1565431766073,-1.2601,-0.40109998,-1.0583,8.16441,-0.45735,-3.3664199999999997,-1
253,254,1565431766083,-1.4377999,-0.40989998,-0.74009997,8.166909,-0.46714705,-2.7687218,-1
254,255,1565431766093,-1.3597,-0.46089998,-0.2651,8.269936999999999,-0.581044,-2.2963842999999997,-1
255,256,1565431766103,-1.2315999,-0.536,0.30789998,8.384647,-0.7394826999999999,-1.4242531999999999,-1
256,257,1565431766113,-1.2695,-0.6947,0.98759997,8.308819,-0.90229803,-0.77122986,-1
257,258,1565431766123,-1.3558999,-0.7716,1.7635,8.184215,-1.0185796,0.17707516,-1
258,259,1565431766133,-1.4619,-0.83489996,2.2886,8.167025,-1.1028554,0.6406309,-1
259,260,1565431766144,-1.4692999,-0.85459995,2.7314,8.302392999999999,-1.1471098999999998,1.1875911,-1
260,261,1565431766154,-1.2397,-0.792,2.9796,8.558562,-1.0373596999999999,1.3207183,-1
261,262,1565431766164,-0.90999997,-0.551,2.8007998,8.90258,-0.85776585,1.2551937,-1
262,263,1565431766174,-0.78429997,-0.4287,2.8918,8.855367999999999,-0.92065674,1.5411285,-1
263,264,1565431766184,-0.9307,-0.52639997,3.2977998,8.656466,-1.0956441000000001,2.2713408,-1
264,265,1565431766195,-1.0945,-0.56869996,3.8428998,8.544188,-1.1423502,2.7920317999999997,-1
265,266,1565431766205,-1.1876999,-0.5827,4.1717,8.481038,-1.1622317,3.1692622000000004,-1
266,267,1565431766215,-1.2889,-0.5469,4.618,8.364632,-1.1986618999999998,3.7525282,-1
267,268,1565431766225,-1.3686999,-0.5374,5.0443,8.342058999999999,-1.3534517,4.0263577,-1
268,269,1565431766235,-1.3683,-0.6992,5.3508,8.359193,-1.4494018999999998,4.256153,-1
269,270,1565431766245,-1.2282,-0.7065,5.6102,8.606399,-1.5182782,4.466939,-1
270,271,1565431766255,-0.9578,-0.706,5.7074,8.968459,-1.6599001,4.439817400000001,-1
271,272,1565431766265,-0.6651,-0.7489,5.6017,9.209048,-1.7204830000000002,4.2354,-1
272,273,1565431766276,-0.3802,-0.779,5.3085,9.424134,-1.8867075,3.7772362,-1
273,274,1565431766286,-0.24100000000000002,-0.85679996,4.9221997,9.494321000000001,-2.0341809,3.2486252999999996,-1
274,275,1565431766296,-0.080299996,-0.9138,4.1893,9.738062,-2.1187057,2.1866724,-1
275,276,1565431766306,0.1117,-0.87149996,3.3762,9.902773,-2.1606998,1.6330178999999998,-1
276,277,1565431766317,0.4138,-0.8387,2.6792998,10.327763000000001,-2.082496,0.88769335,-1
277,278,1565431766327,0.7963,-0.6719,2.2475998,10.577036999999999,-2.0442939,0.5174349,-1
278,279,1565431766337,0.9945,-0.5703,2.0237,10.552367,-2.024834,0.44934377,-1
279,280,1565431766347,0.95909995,-0.505,1.9676,10.419364,-2.1229386000000003,0.1828787,-1
280,281,1565431766357,0.83669996,-0.5144,1.7017,10.285232,-2.1114273,-0.37209725,-1
281,282,1565431766367,0.7549,-0.44739997,1.3311,10.238861,-2.146488,-0.79345757,-1
282,283,1565431766377,0.7535,-0.4276,1.0794,10.346322,-2.1795566,-1.1641854,-1
283,284,1565431766387,0.93009996,-0.3854,0.6885,10.568533,-2.1247293999999997,-1.8025657,-1
284,285,1565431766397,1.2946,-0.2522,-0.125,11.061069,-1.9341701,-2.9941695,-1
285,286,1565431766407,1.7098,-0.031799997999999996,-1.0547,11.176248,-1.9495601999999999,-4.1180367,-1
286,287,1565431766418,1.8224,0.0154,-1.8804,11.012992,-2.040559,-4.5943966,-1
287,288,1565431766428,1.6312,-0.0352,-2.379,10.92322,-1.9717113000000002,-5.2756047,-1
288,289,1565431766438,1.6355,0.0826,-2.8397,10.968086999999999,-2.0275633,-5.748401599999999,-1
289,290,1565431766448,2.0406,0.25939998,-4.1219,11.270379,-1.8526141999999999,-6.7355022,-1
290,291,1565431766458,2.4608998,0.3665,-4.8929,11.720881,-1.758704,-7.688863799999999,-1
291,292,1565431766469,2.6936,0.5006,-5.1120996,11.871285,-1.6456306,-7.898097999999999,-1
292,293,1565431766479,2.6102998,0.49249998,-5.1043,11.694344000000001,-1.6686915,-7.999775,-1
293,294,1565431766489,2.3551,0.3127,-4.9776998,11.488424,-1.7923856,-7.924913,-1
294,295,1565431766499,2.2804,0.3276,-4.4414997000000005,11.386517,-1.7175907,-7.3490595999999995,-1
295,296,1565431766511,2.2395,0.4834,-3.8994,11.270158,-1.4926411,-6.815564599999999,-1
296,297,1565431766521,1.9858999,0.50879997,-3.6613,11.041388000000001,-1.4914919,-6.742253999999999,-1
297,298,1565431766531,1.7166,0.4172,-3.5593998,10.828735,-1.5280465,-6.6710887,-1
298,299,1565431766541,1.3932999,0.3303,-3.5345,10.470139999999999,-1.5821364,-6.642655400000001,-1
299,300,1565431766551,1.2418,0.18069999,-3.5470998,10.384764,-1.7915237000000002,-6.562928,-1
300,301,1565431766561,1.2731999,0.0266,-3.2895,10.459846,-1.8534568999999999,-6.252582,-1
301,302,1565431766571,1.4885,-0.1336,-2.9835,10.769694,-2.012968,-5.845348,-1
302,303,1565431766581,1.7301999,-0.3231,-2.7273,11.005082000000002,-2.1674805,-5.583039299999999,-1
303,304,1565431766591,1.9496,-0.41889998,-2.3314,11.207498,-2.1906084999999997,-4.985427400000001,-1
304,305,1565431766602,1.9401,-0.4746,-1.9821999,11.129236,-2.2384157000000005,-4.7102947,-1
305,306,1565431766612,1.7105999,-0.58199996,-1.819,10.868805,-2.3118315,-4.4729147000000005,-1
306,307,1565431766622,1.4288,-0.6058,-1.6918,10.687438,-2.1974175,-4.2464037,-1
307,308,1565431766632,1.0576999,-0.5172,-1.3097999,10.203302,-2.0066571,-3.6055336000000002,-1
308,309,1565431766643,0.4414,-0.4632,-0.8366,9.449760000000001,-1.8046918,-2.9563314999999997,-1
309,310,1565431766653,-0.32909998,-0.3843,-0.2628,8.844928,-1.5873843,-2.3437509999999997,-1
310,311,1565431766663,-1.1022999,-0.2193,0.3694,8.014265,-1.3671082,-1.6745143,-1
311,312,1565431766673,-1.7231,-0.1335,0.6631,7.6358274999999995,-1.1513236999999998,-1.491875,-1
312,313,1565431766684,-2.076,-0.059000000000000004,0.70229995,7.3807396999999995,-1.0305507,-1.3400729999999998,-1
313,314,1565431766694,-2.2001998,-0.043399997,0.9009,7.405007400000001,-0.87902635,-1.0007668,-1
314,315,1565431766704,-2.0455,0.1302,1.2447,7.681375,-0.5881116999999999,-0.5053297999999999,-1
315,316,1565431766714,-1.839,0.29299998,1.515,7.7883186,-0.43268016,-0.19387288,-1
316,317,1565431766724,-1.8168,0.3047,1.7191,7.7392473,-0.37101507,0.007900866,-1
317,318,1565431766734,-2.0084999,0.2513,1.8786999,7.1167936,-0.5018055,0.15900372,-1
318,319,1565431766745,-2.6492999,0.0738,1.8472998999999999,6.7177277,-0.6619297,-0.23083936,-1
319,320,1565431766755,-3.0337,-0.16669999,1.1912,6.583939999999999,-0.71875846,-1.029411,-1
320,321,1565431766766,-3.0532,-0.22109999,0.5804,6.774547,-0.678239,-1.1837796,-1
321,322,1565431766776,-2.7856998,-0.1771,0.45009997,7.018966000000001,-0.65087813,-1.078176,-1
322,323,1565431766786,-2.4668999,-0.24249999,0.7912,7.5831550000000005,-0.6828072,-0.5088541,-1
323,324,1565431766796,-2.0969,-0.2715,1.0941,7.953575999999999,-0.6162196,-0.6006859999999999,-1
324,325,1565431766806,-1.6568999,-0.2067,0.9522,8.231945,-0.6388592,-0.7118249,-1
325,326,1565431766817,-1.452,-0.2481,0.8803,8.348332000000001,-0.6483498000000001,-0.6826061,-1
326,327,1565431766827,-1.3061,-0.2798,0.8955,8.499521000000001,-0.58256674,-0.7088369000000001,-1
327,328,1565431766837,-1.1116999,-0.1642,0.8384,8.595251,-0.47281653,-0.76511025,-1
328,329,1565431766847,-1.2332,-0.1383,0.7514,8.447998,-0.4800853,-0.8076313,-1
329,330,1565431766857,-1.3230000000000002,-0.14729999,0.4689,8.378423,-0.46618938,-0.98385406,-1
330,331,1565431766868,-1.2556,-0.24059999,0.1681,8.429496,-0.5736412,-1.387124,-1
331,332,1565431766879,-0.98149997,-0.1823,0.018199998999999998,8.748614,-0.51578766,-1.5284583999999999,s
332,333,1565431766888,-0.6677,-0.2086,0.1646,9.0234785,-0.53904974,-1.3791177,-1
333,334,1565431766898,-0.6677,-0.2086,0.1646,9.2294655,-0.52763414,-1.2000506000000002,-1
334,335,1565431766908,-0.27539998,-0.16309999,0.4967,9.421289,-0.50271535,-1.0458543,-1
335,336,1565431766918,-0.27539998,-0.16309999,0.4967,9.454291,-0.42492290000000005,-1.2715701000000001,-1
336,337,1565431766928,-0.2868,-0.107099995,0.0757,9.413599000000001,-0.4480222,-1.4578103,-1
337,338,1565431766938,-0.32619998,-0.0541,-0.0716,9.349473,-0.36917633,-1.6051973,-1
338,339,1565431766949,-0.41439998,-0.0315,-0.030599998,9.273710000000001,-0.35295323,-1.564199,-1
339,340,1565431766959,-0.44419998,-0.0186,0.19409999,9.253024,-0.33161609999999997,-1.274175,-1
340,341,1565431766969,-0.43519998,-0.023899998999999998,0.48409998,9.2541065,-0.33496797,-1.0486507,-1
341,342,1565431766979,-0.36749998,0.08109999400000001,0.6454,9.343334,-0.1827159,-0.9453745000000001,-1
342,343,1565431766989,-0.29,0.1696,0.3746,9.402681,-0.14171758,-1.1436911,-1
343,344,1565431766999,-0.2909,0.24,0.0547,9.418014,-0.07251558,-1.5212758,-1
344,345,1565431767009,-0.2909,0.24,0.0547,9.504655,-0.03188119,-1.747298,-1
345,346,1565431767019,-0.0075999996999999994,0.3223,-0.49269998,9.701382,0.033020827999999995,-1.9587921999999998,-1
346,347,1565431767030,-0.0075999996999999994,0.3223,-0.49269998,9.668389,0.07028419,-1.6939839,-1
347,348,1565431767040,-0.16399999,0.2977,0.1883,9.475054,-0.039255332000000004,-1.2505681999999998,-1
348,349,1565431767050,-0.3893,0.213,0.5248,9.3022785,-0.087340474,-0.9955857,-1
349,350,1565431767061,-0.4477,0.1497,0.5083,9.22485,-0.1291624,-1.0101999,-1
350,351,1565431767071,-0.4966,0.2175,0.38239998,9.187097999999999,-0.13022542,-1.1910866000000002,-1
351,352,1565431767081,-0.43739998,0.162,0.1678,9.283833,-0.13392207,-1.3978403999999998,-1
352,353,1565431767091,-0.36839998,0.1785,-0.1352,9.332167,-0.15202223,-1.6769085,-1
353,354,1565431767102,-0.2893,0.12879999,-0.1029,9.572047,-0.20037553,-1.5592479,-1
354,355,1565431767112,0.015999998999999997,0.1496,-0.047399998,9.837008,-0.16018167,-1.6299534,s
355,356,1565431767122,0.3213,0.1705,-0.1595,10.140977000000001,-0.15431108,-1.6771957999999998,-1
356,357,1565431767132,0.4597,0.1981,-0.085099995,10.118002,-0.1807335,-1.5553118000000001,-1
357,358,1565431767142,0.3724,0.1122,0.0672,9.971802,-0.27432764,-1.4783237,-1
358,359,1565431767152,0.2455,0.051099997,0.0422,9.918891,-0.28964093,-1.5414541000000002,-1
359,360,1565431767163,0.1382,0.0074,0.09559999400000001,9.795713000000001,-0.33613634,-1.4554448,-1
360,361,1565431767173,0.0308,-0.0074,0.099599995,9.655844,-0.33765906,-1.4917983,-1
361,362,1565431767183,-0.0866,-0.0019999999,0.0133,9.554024,-0.34963965,-1.6039523999999998,-1
362,363,1565431767193,-0.15529999,-0.0343,-0.035,9.563447,-0.3496970999999999,-1.5384662,-1
363,364,1565431767203,-0.057099998,0.0042,0.1129,9.705769,-0.30060637,-1.2599056,-1
364,365,1565431767214,0.0411,0.0063,0.44709998,9.772346,-0.28254452,-0.9679279000000001,-1
365,366,1565431767224,0.1294,0.0299,0.7797,9.851106,-0.33960316,-0.69210625,-1
366,367,1565431767234,0.1876,-0.0033999997999999997,0.9614,9.922673,-0.33530316,-0.5184213,-1
367,368,1565431767245,0.3046,0.0134,1.0242,10.104824,-0.27973852,-0.6358520999999999,-1
368,369,1565431767255,0.5094,0.099,0.7801,10.279313,-0.20877439,-1.0410948,-1
369,370,1565431767265,0.5859,0.1725,0.4136,10.206798,-0.15706922,-1.1859056000000001,-1
370,371,1565431767275,0.41669998,0.2012,0.27969998,10.005024,-0.22286187,-1.3187071000000001,-1
371,372,1565431767286,0.2868,0.1258,0.1479,9.977269999999999,-0.21316057,-1.3566025,-1
372,373,1565431767296,0.3148,0.1928,0.2589,10.047967,-0.11606132,-1.0578923,-1
373,374,1565431767306,0.40309998,0.25689998,0.8117,10.090755,-0.05488468,-0.35939840000000006,-1
374,375,1565431767316,0.4335,0.2412,1.3606,10.036311,-0.06392518400000001,0.09619903,-1
375,376,1565431767326,0.3071,0.2452,1.6549,9.780889,-0.06261316,0.30968520000000005,-1
376,377,1565431767337,0.092599995,0.2219,1.8222,9.621847,-0.08390239999999999,0.060381765999999996,-1
377,378,1565431767347,-0.0925,0.2025,1.5271,9.5869875,-0.04903325,-0.34406593,-1
378,379,1565431767357,0.036000000000000004,0.2563,1.0352,9.706419,0.0011109096,-0.5089498,-1
379,380,1565431767367,0.18329999,0.30789998,0.8886,9.881464,0.061502255,-0.65275514,-1
380,381,1565431767377,0.18329999,0.30789998,0.8886,10.035354,0.03977248,-0.8072769000000001,-1
381,382,1565431767387,0.341,0.2905,0.7364,9.963087,-0.08641153,-0.9218347,-1
382,383,1565431767398,0.2746,0.1818,0.6428,9.786557,-0.20782627,-0.9854151,-1
383,384,1565431767408,0.0528,0.0198,0.5391,9.642763,-0.32336086,-1.401355,-1
384,385,1565431767418,-0.040599998,-0.067,0.2156,9.591412,-0.342888,-1.4607503000000002,-1
385,386,1565431767428,-0.1871,-0.0898,0.3581,9.48306,-0.3202963,-1.3301896999999998,-1
386,387,1565431767438,-0.21100000000000002,-0.053099997,0.5875,9.438489,-0.26729825,-1.0818632,-1
387,388,1565431767449,-0.30269998,-0.035099998,0.6737,9.350516,-0.24445757,-1.0792103000000002,-1
388,389,1565431767459,-0.4034,0.0044,0.48819998,9.204585,-0.19363345,-1.3922666000000001,-1
389,390,1565431767469,-0.49409997,0.0659,0.0482,9.152861,-0.12757264,-1.7879898999999997,-1
390,391,1565431767479,-0.42749998,0.1397,-0.33249998,9.225214,-0.053371545,-2.2967767999999995,-1
391,392,1565431767489,-0.41959998,0.16579999,-0.71349996,9.219104,-0.068569936,-2.7330673,-1
392,393,1565431767500,-0.40179998,0.0733,-0.9575,9.211164,-0.13623965,-2.940214,-1
393,394,1565431767510,-0.40289998,0.0084999995,-1.0324,9.2099285,-0.17153977,-3.0331185,-1
394,395,1565431767520,-0.32529998,0.0504,-1.1657,9.280031,-0.06656838,-3.2247696,-1
395,396,1565431767530,-0.3658,0.1502,-1.2819999999999998,9.228307000000001,-0.01772667,-3.3675597,-1
396,397,1565431767540,-0.5144,0.1511,-1.4980999,9.013758000000001,0.03463931,-3.6514258,-1
397,398,1565431767550,-0.7317,0.22119999,-1.8234999,8.7031145,0.09362286,-4.212665,-1
398,399,1565431767561,-0.99859995,0.1261,-2.5639999999999996,8.554435,-0.018301276000000002,-4.903517,-1
399,400,1565431767571,-1.0797,0.022699999,-3.1109998,8.461195,-0.12939224,-5.404039,-1
400,401,1565431767581,-1.1213,-0.0501,-3.1376998,8.4283085,-0.1770177,-5.3645825,-1
401,402,1565431767591,-1.095,-0.1515,-2.9229998999999998,8.454951,-0.34406593,-5.08449,-1
402,403,1565431767601,-1.0308,-0.23189999,-2.5867999,8.560133,-0.34938106,-4.8389783,-1
403,404,1565431767611,-0.7924,-0.2109,-2.4761,8.855022,-0.28483337,-4.9023959999999995,-1
404,405,1565431767622,-0.5652,-0.1092,-2.8028998,8.98178,-0.22944114,-5.215930999999999,-1
405,406,1565431767632,-0.6629,-0.086799994,-3.1446998,8.771291999999999,-0.1819689,-5.606914,-1
406,407,1565431767642,-0.94799995,-0.1069,-3.4517,8.501225,-0.27166528,-5.823752,-1
407,408,1565431767652,-1.2935,-0.1881,-3.5396,8.175777,-0.31240502,-5.782514,-1
408,409,1565431767662,-1.4340000000000002,-0.2199,-3.3565,8.1017685,-0.32799608,-5.616356400000001,-1
409,410,1565431767672,-1.3692,-0.1989,-3.1274,8.253053,-0.30723354,-5.325921,-1
410,411,1565431767683,-1.1876999,-0.1739,-3.0793998,8.576174,-0.3206602,-5.532502,-1
411,412,1565431767693,-0.8703,-0.2059,-3.4592,8.780103,-0.3811186,-5.8258589999999995,-1
412,413,1565431767703,-0.6235,-0.3074,-3.7008997999999997,9.062617999999999,-0.51425534,-5.8133802,-1
413,414,1565431767713,-0.4563,-0.36569998,-3.4966998,9.167993,-0.47880203,-5.524026999999999,-1
414,415,1565431767723,-0.41709998,-0.33299999999999996,-3.2168999,9.066286,-0.47941494,-5.1185540000000005,-1
415,416,1565431767734,-0.6044,-0.4041,-2.8737,8.942842,-0.6175221,-4.750786,-1
416,417,1565431767744,-0.74329996,-0.5464,-2.4364998,8.918172,-0.698561,-4.0919013,-1
417,418,1565431767754,-0.6572,-0.59,-1.9151,9.064409,-0.59903884,-3.4720235,-1
418,419,1565431767764,-0.562,-0.4948,-1.4879,9.092623,-0.5570924,-3.2826992999999995,-1
419,420,1565431767774,-0.5266,-0.4766,-1.1367999,9.10106,-0.5431581999999999,-2.7625832999999997,-1
420,421,1565431767785,-0.6195,-0.49589998,-0.71459997,8.973219,-0.57806563,-2.0955298,-1
421,422,1565431767794,-0.76159996,-0.542,-0.1899,8.874395,-0.6497001,-1.5695045,-1
422,423,1565431767804,-0.8742,-0.6416,0.44829997,8.813133,-0.82599956,-0.7323959,-1
423,424,1565431767814,-0.8393,-0.8231,1.074,8.968134,-0.9517239,-0.06821559,-1
424,425,1565431767824,-0.6469,-0.9206,1.8352,9.210772,-1.0620009,0.97798353,-1
425,426,1565431767834,-0.42389998,-0.9756,2.5883,9.580197,-1.0806468999999999,1.9633124,-1
426,427,1565431767844,-0.1016,-0.9917,3.3244998,9.796173,-1.0063788,2.7514644,-1
427,428,1565431767855,0.114199996,-0.9018,4.2922,9.954525,-0.94382304,3.7039068,-1
428,429,1565431767865,0.1938,-0.81619996,4.9198,9.919791,-0.9302431000000001,4.0573,-1
429,430,1565431767875,0.117199995,-0.81479996,5.049299700000001,9.77587,-0.85136855,4.060048999999999,-1
430,431,1565431767885,-0.0558,-0.6825,4.9144998,9.557749000000001,-0.74195355,3.9415553,-1
431,432,1565431767895,-0.34469998,-0.58599997,4.7574997,9.148676,-0.6218125,3.871922,-1
432,433,1565431767905,-0.69049996,-0.5132,4.6896,8.952418,-0.53946155,3.7430565000000002,-1
433,434,1565431767916,-0.8973,-0.42069998,4.5429997,8.814876,-0.38255513,3.7740376,-1
434,435,1565431767927,-0.95559996,-0.3049,4.5901,8.823628999999999,-0.31710723,3.6593552000000003,-1
435,436,1565431767937,-0.95369995,-0.273,4.5045,8.858355,-0.39810786,3.5014337999999996,-1
436,437,1565431767947,-0.90169996,-0.3638,4.3423,9.081178999999999,-0.39734169999999996,3.3600227999999994,-1
437,438,1565431767957,-0.5207,-0.2428,4.1258,9.214736,-0.31391814,3.2055871,-1
438,439,1565431767968,-0.5651,-0.20269999,3.9361,9.199662,-0.25357470000000004,2.9313073,-1
439,440,1565431767978,-0.5651,-0.20269999,3.9361,9.046185000000001,-0.15171577,2.5229522999999996,-1
440,441,1565431767988,-1.1345999,-0.009699999,2.6476998,8.627563,-0.05803545,1.5530803,-1
441,442,1565431767998,-1.1345999,-0.009699999,2.6476998,8.387913000000001,0.011942278,0.5908698,-1
442,443,1565431768008,-1.5649998999999999,0.1173,0.7107,8.176362,0.09502108,-0.49514964,-1
443,444,1565431768018,-1.6651,0.1595,0.48799998,8.035103999999999,0.11611878,-0.7603409999999999,-1
444,445,1565431768028,-1.6651,0.1595,0.48799998,7.866886999999999,0.04405331,-0.6045838000000001,-1
445,446,1565431768038,-2.0276,0.011299999,1.1048,7.633960000000001,-0.10437762,-0.29246609999999995,-1
446,447,1565431768049,-2.2986,-0.127,1.3413999,7.410916,-0.19470605,-0.15941553,-1
447,448,1565431768059,-2.4665,-0.2171,1.4452,7.180919599999999,-0.2918053,-0.13272496,-1
448,449,1565431768069,-2.6529,-0.2525,1.4359,7.037162299999999,-0.3352074,-0.17331147,-1
449,450,1565431768079,-2.9285,-0.1859,1.2904999,6.66812,-0.29368234,-0.41951203,-1
450,451,1565431768089,-3.2838,-0.18329999,0.9209999999999999,6.385565799999999,-0.31375533,-0.7770334,-1
451,452,1565431768099,-3.6785997999999998,-0.1742,0.7144,5.888491,-0.32385890000000006,-1.0633991000000003,-1
452,453,1565431768113,-4.0927,-0.2546,0.38,5.5105424,-0.50808793,-1.5982733,-1
453,454,1565431768123,-4.1240997,-0.2555,-0.1721,5.6317754,-0.54785085,-2.2714174,-1
454,455,1565431768133,-3.8892,-0.2552,-0.4942,5.893308,-0.58276784,-2.4008768,-1
455,456,1565431768143,-3.4847998999999996,-0.23609999,-0.56119996,6.402593,-0.65168256,-2.5769942,-1
456,457,1565431768154,-3.0969,-0.24049999,-0.6382,6.578682000000001,-0.7501896,-2.6584642000000005,-1
457,458,1565431768164,-2.9220998,-0.38059998,-0.61899996,6.6942167,-1.0007476,-2.6398277,-1
458,459,1565431768174,-2.8232,-0.49069998,-0.5251,6.9670315,-1.1431930000000001,-2.7064726,-1
459,460,1565431768185,-2.5551,-0.47239998,-0.5335,7.167713000000001,-1.1750742,-2.8199959999999997,-1
460,461,1565431768195,-2.2646,-0.5299,-0.62549996,7.5020875999999985,-1.532969,-3.0545895,-1
461,462,1565431768205,-1.9039999,-0.7298,-0.7384,7.9725766,-1.5969325,-3.1174517,-1
462,463,1565431768215,-1.2284,-0.6764,-0.6994,9.013278,-1.5743023999999999,-3.3934553,-1
463,464,1565431768225,-0.2491,-0.518,-0.9741,9.636939,-1.4426693000000002,-3.9900904,-1
464,465,1565431768235,0.4053,-0.2694,-1.7506,10.02549,-1.374789,-4.858822,-1
465,466,1565431768245,0.6764,-0.16149999,-2.3481,10.132577000000001,-1.4510683000000002,-5.4025927000000005,-1
466,467,1565431768255,0.88949996,-0.1784,-3.1204,10.652292,-1.6444432,-6.35356,-1
467,468,1565431768265,1.4775,-0.2512,-3.6992998,11.204442,-1.795182,-6.3393483,-1
468,469,1565431768275,2.2152,-0.4098,-3.2596998,12.075194,-1.8904138,-5.3376813,-1
469,470,1565431768285,3.0028,-0.3227,-2.2378,12.760204,-1.7841398999999998,-4.0210422999999995,-1
470,471,1565431768295,3.5221998999999995,-0.17449999,-1.0986,12.826131,-1.7572483,-3.2267900000000003,-1
471,472,1565431768306,3.5844,-0.0898,-0.1546,12.678485,-1.8017995,-2.8783187999999997,-1
472,473,1565431768316,3.4743998,-0.0832,0.113199994,12.605127,-1.877782,-3.1970541,-1
473,474,1565431768326,3.4301,-0.1015,-0.29909998,12.603403,-1.9938049,-3.8116648,-1
474,475,1565431768336,3.4445998999999996,-0.15439999,-0.81329995,12.707484,-2.10141,-4.3982730000000005,-1
475,476,1565431768346,3.5863998,-0.2356,-1.5169,12.86598,-2.2764645,-4.9437203,-1
476,477,1565431768357,3.8249,-0.391,-2.1339,13.047537,-2.4598699,-5.399508999999999,-1
477,478,1565431768366,3.9352,-0.4502,-2.3644,13.022849,-2.4603200000000003,-5.261622,-1
478,479,1565431768376,3.8377,-0.4086,-2.129,12.665758,-2.4488564,-4.787685,-1
479,480,1565431768386,3.4615,-0.3863,-1.6773,12.244953,-2.3877087,-4.4034734,-1
480,481,1565431768396,2.9143,-0.2633,-1.1682,11.419058999999999,-2.1473787,-3.9116945,-1
481,482,1565431768406,2.1574,-0.07369999599999999,-0.8192,10.431183,-1.9671048999999998,-3.5879507000000004,-1
482,483,1565431768416,1.3192999,0.051099997,-0.5433,9.728149,-1.8901361,-3.3784869,-1
483,484,1565431768426,0.4495,0.097899996,-0.2945,9.146827,-1.8494537,-3.2960784,-1
484,485,1565431768436,-0.15609999,0.19049999,-0.2678,8.775324000000001,-1.744923,-3.5118725,-1
485,486,1565431768446,-0.35999998,0.23399999999999999,-0.5524,8.945082000000001,-1.695497,-3.7072585,-1
486,487,1565431768456,-0.0334,0.3859,-0.73359996,9.472994,-1.430976,-3.643592,-1
487,488,1565431768467,0.42279997,0.5535,-0.6372,9.681788000000001,-1.3926497,-3.425624,-1
488,489,1565431768477,0.5265,0.61259997,-0.48029998,9.549389,-1.4170705,-3.3575616000000004,-1
489,490,1565431768487,0.31509998,0.5479999999999999,-0.4023,9.074474,-1.5397782,-3.0644825,-1
490,491,1565431768498,-0.092999995,0.46649998,-0.1546,8.809867,-1.5211226,-2.9235882999999996,-1
491,492,1565431768507,-0.4026,0.44939998,-0.0301,8.616761,-1.618557,-2.8627853,-1
492,493,1565431768517,-0.5643,0.3629,0.0189,8.568331,-1.6224643,-2.7686452999999998,-1
493,494,1565431768527,-0.58739996,0.3653,0.1011,8.630666,-1.6682990000000002,-2.6861599999999997,-1
494,495,1565431768538,-0.55079997,0.3102,0.18509999,8.625053,-1.7324540000000002,-2.4726167,-1
495,496,1565431768548,-0.5653,0.214,0.6071,8.626816999999999,-1.7556106,-2.2526565,-1
496,497,1565431768558,-0.5782,0.1568,0.6746,8.638193,-1.8032266,-2.1858964,-1
497,498,1565431768568,-0.5715,0.0263,0.4341,8.621971,-1.9467446,-2.3989136,-1
498,499,1565431768578,-0.319,-0.059299998,-0.07279999599999999,8.9603195,-2.0203328000000003,-2.9926562000000003,-1
499,500,1565431768589,0.0524,-0.0157,-0.32189998,9.248237,-2.0135236,-3.1265783,-1
500,501,1565431768599,0.2685,-0.0436,-0.4272,9.502108,-2.0954628,-3.215815,s
501,502,1565431768609,0.35709998,-0.1463,-0.27269998,9.554436,-2.1725847999999996,-3.0668957000000003,-1
502,503,1565431768620,0.3076,-0.1481,0.1389,9.462767,-2.1613702999999997,-2.518116,-1
503,504,1565431768630,0.1393,-0.1936,0.5204,9.335816000000001,-2.20935,-2.2758226,-1
504,505,1565431768640,-0.0897,-0.2793,0.6121,9.077836,-2.2491515,-2.1977432,-1
505,506,1565431768650,-0.21229999,-0.2547,0.54039997,8.996807,-2.2433383,-2.2466135,-1
506,507,1565431768660,-0.1679,-0.21689999,0.5065,9.065425,-2.219492,-2.249994,-1
507,508,1565431768671,-0.1322,-0.15619999,0.405,9.088436999999999,-2.1630943,-2.3193588,-1
508,509,1565431768681,-0.125,-0.113299996,0.3051,9.086896000000001,-2.1402822,-2.5088742,-1
509,510,1565431768691,-0.0585,-0.098799996,0.0788,9.202325,-2.0933653999999997,-2.6771295,-1
510,511,1565431768701,0.0677,-0.044999998,-0.0464,9.323165,-2.0809252000000003,-2.8262498,-1
511,512,1565431768712,0.2925,-0.0327,-0.28599998,9.624988,-2.0168946,-2.9839892000000003,-1
512,513,1565431768722,0.4973,0.053,-0.1802,9.724097,-1.9425691000000003,-2.8782232000000003,-1
513,514,1565431768732,0.3877,0.044499997,0.15339999,9.512719,-1.9698438999999999,-2.393426,-1
514,515,1565431768742,0.0709,-0.038,0.39859998,9.223327000000001,-2.015305,-2.2733138,-1
515,516,1565431768752,-0.2279,0.0122,0.55289996,8.926110000000001,-1.9340745,-2.193539,-1
516,517,1565431768762,-0.40739998,0.0813,0.37289998,8.761274,-1.8246403000000002,-2.4794927,-1
517,518,1565431768773,-0.49899998,0.14389999,0.1503,8.733922999999999,-1.7826077,-2.6155217,-1
518,519,1565431768783,-0.5204,0.17369999,0.0753,8.729882,-1.8264023,-2.7009084,-1
519,520,1565431768793,-0.4524,0.1113,-0.0883,8.907906,-1.9077861,-2.842693,-1
520,521,1565431768803,-0.1487,0.0727,-0.11669999,9.321605,-1.8694979999999999,-2.6446542999999996,-1
521,522,1565431768813,0.1853,0.124699995,0.1214,9.578933000000001,-1.915687,-2.4533193,s
522,523,1565431768824,0.53889996,0.1364,0.2025,9.849794000000001,-1.8867650000000002,-2.5162868,-1
523,524,1565431768834,0.636,0.14389999,0.1152,9.876791,-1.8605915000000002,-2.5466168,-1
524,525,1565431768844,0.546,0.1255,0.0788,9.625782000000001,-1.8881631999999997,-2.7290162999999996,-1
525,526,1565431768854,0.2487,0.0423,-0.1244,9.397739,-1.9824947,-2.7845522999999996,-1
526,527,1565431768864,0.0191,-0.014099998999999998,-0.0253,9.190881,-2.039812,-2.509631,-1
527,528,1565431768874,-0.033099998,-0.0793,0.1934,9.294856,-2.0250828000000003,-2.3990571,-1
528,529,1565431768885,0.25869998,-0.0219,0.1964,9.745598,-1.9433066000000003,-2.3584802000000002,-1
529,530,1565431768895,0.6597,0.070999995,0.2871,10.248936,-1.8873970000000002,-2.4097927,-1
530,531,1565431768905,1.0612,0.109,0.101799995,10.555154,-1.8800613000000002,-2.8436315,-1
531,532,1565431768915,1.5109999,0.11800000000000001,-0.5078,11.173145,-1.9621918999999999,-3.3432730000000004,-1
532,533,1565431768926,2.0295,0.0255,-0.78139997,11.600357,-1.9784247,-3.361153,-1
533,534,1565431768936,2.5282,0.023599999,-0.7556,12.12305,-2.0246136000000003,-3.25304,-1
534,535,1565431768946,2.9371,-0.0471,-0.69839996,12.399791,-2.1356568,-3.33066,-1
535,536,1565431768956,3.2064998,-0.21609999,-0.759,12.547647,-2.285869,-3.3557131,-1
536,537,1565431768966,3.2879998999999995,-0.3444,-0.7798,12.571005,-2.3508763,-3.4503222,-1
537,538,1565431768976,3.2991,-0.479,-1.0776,12.601114,-2.3886855,-4.1931376,-1
538,539,1565431768987,3.3463,-0.49019998,-1.7176,12.8827305,-2.2294807,-4.676833599999999,-1
539,540,1565431768997,3.5781,-0.3969,-2.1364,13.075828,-2.0928006000000003,-4.82039,-1
540,541,1565431769007,3.7610997999999998,-0.29009998,-2.2865999,13.077092,-1.772303,-4.855355,-1
541,542,1565431769017,3.7477,-0.0543,-2.335,12.849077000000001,-1.6771191000000003,-4.9432220000000004,-1
542,543,1565431769027,3.3894,-0.0143,-2.4338999,12.205516000000001,-1.5124651000000002,-4.593659400000001,-1
543,544,1565431769037,2.8392,0.0503,-2.0994,11.715423,-1.3967868,-4.544664,-1
544,545,1565431769047,2.2449,0.112399995,-2.1285,11.381192,-1.3370563,-4.8571362,-1
545,546,1565431769058,1.8785,0.15709999,-2.5904,11.329678999999999,-0.9801287000000001,-4.969328400000001,-1
546,547,1565431769068,1.9027,0.42639998,-2.5619,11.098523,-0.75053436,-5.2244544,-1
547,548,1565431769078,1.6312,0.48729998,-2.9054,10.712186,-0.7851066,-5.5303187000000005,-1
548,549,1565431769088,0.2395,0.1839,-3.003,9.758699,-0.87005293,-5.1765704,-1
549,550,1565431769098,-0.47469997,-0.023,-2.3415,8.984281,-0.9507758,-4.281301999999999,-1
550,551,1565431769108,-0.9033,-0.1545,-1.5741999,8.671559,-0.9843042,-3.5934187999999994,-1
551,552,1565431769119,-1.0659999999999998,-0.100099996,-0.82049996,8.502011,-0.7581766,-2.636246,-1
552,553,1565431769129,-1.3059,0.1103,-0.2962,8.316672,-0.49391425,-2.1627495,-1
553,554,1565431769139,-1.8388,0.2394,0.0469,7.6592617,-0.21675186,-1.7227622,-1
554,555,1565431769149,-2.5858998,0.2285,0.0339,7.077615,-0.13994588,-1.6492122,-1
555,556,1565431769159,-3.458,0.0427,0.3644,6.07544,-0.21767123,-1.0590991,-1
556,557,1565431769170,-4.268399700000001,-0.2438,1.2962999,5.1386657,-0.42902178,0.17942148,-1
557,558,1565431769180,-4.8515,-0.4764,1.9121,4.785042,-0.56204367,0.61748374,-1
558,559,1565431769190,-4.9533,-0.6617,2.1873999,4.898038400000001,-0.60145223,1.1326681,-1
559,560,1565431769200,-4.6414,-0.556,2.7405,5.1769824,-0.3797587,1.6672647,-1
560,561,1565431769210,-4.4056,-0.40019998,3.1178,5.348905,-0.25351724,1.9942552,-1
561,562,1565431769220,-4.3244,-0.2305,3.1546998,5.376649400000001,0.007067683000000001,2.128953,-1
562,563,1565431769231,-4.7118,-0.0998,3.1467998,5.050032,0.16173310000000002,2.1561413,-1
563,564,1565431769241,-5.2637997,0.1011,3.0577998,4.3791194,0.46289495,2.0122595000000003,-1
564,565,1565431769251,-5.9519997,0.25869998,2.6146,3.4934757000000003,0.5879968000000001,1.5978423000000002,-1
565,566,1565431769261,-6.8068,0.081,2.3997998,2.8140776,0.40600872,1.5260162,-1
566,567,1565431769272,-7.4948997,-0.1506,2.6306,2.0965927,0.108964905,2.0044065,-1
567,568,1565431769281,-7.8101997,-0.5169,3.3516998,1.9417933,-0.23405716,2.6565967,-1
568,569,1565431769291,-7.6545,-0.9262,4.0474,2.3082979,-0.7451713000000001,3.3621964,-1
569,570,1565431769301,-7.0962996,-1.2415,4.3635,2.8073930000000002,-1.0052582,3.4904013,-1
570,571,1565431769311,-6.3898997,-1.3313,3.9371,3.5984085,-1.1953098999999998,2.7443967000000002,-1
571,572,1565431769322,-5.8781,-1.3807,3.1576,3.9580370000000005,-1.3102508999999998,2.0282240000000002,-1
572,573,1565431769332,-5.5606,-1.4472,2.2115998,4.2804017,-1.5012219,0.9826474000000001,-1
573,574,1565431769342,-5.3389997000000005,-1.4368,1.7476,4.489004,-1.4916546,0.6904686,-1
574,575,1565431769352,-5.0752997,-1.2914,1.8476,4.7444267,-1.4098209,0.7390996999999999,-1
575,576,1565431769362,-5.0052,-1.2544,1.8113999,4.6251764,-1.6134046,0.59832054,-1
576,577,1565431769372,-5.1679997,-1.3511,1.8705,4.5666237,-1.6865331000000001,0.6061831999999999,-1
577,578,1565431769383,-4.9439,-1.3958,1.5036,4.886527500000001,-1.8443205000000003,-0.10361148,-1
578,579,1565431769393,-4.0388,-1.2947999,0.1533,6.136396400000001,-1.8561957999999998,-1.9821883000000002,-1
579,580,1565431769403,-2.7955,-1.1477,-1.0744,7.7236853000000005,-1.8474042000000002,-3.4271559999999996,-1
580,581,1565431769413,-1.3519999999999999,-0.98069996,-2.0774999,8.929185,-1.742682,-4.19445,-1
581,582,1565431769423,0.2705,-0.57699996,-2.8625998,10.839327,-1.357522,-5.3632800000000005,-1
582,583,1565431769434,1.7861999,-0.1388,-3.9419,11.760117999999999,-1.3044473,-6.524353,-1
583,584,1565431769444,2.5649,-0.1953,-5.1923,12.313044,-1.6677817,-7.6808385999999995,-1
584,585,1565431769454,2.9208,-0.3409,-5.711,12.4767885,-1.7435535,-7.922289,-1
585,586,1565431769464,3.0021,-0.34919998,-5.8522,12.449332,-1.9526821,-8.124666,-1
586,587,1565431769474,3.0028,-0.49249998,-5.9097,12.473446000000001,-2.037322,-7.977911,-1
587,588,1565431769485,3.1566,-0.4332,-5.5772,12.876744,-1.8865926,-7.7175174,-1
588,589,1565431769494,3.8844,-0.0557,-5.2232,13.606708,-1.6231826999999999,-7.4654274,-1
589,590,1565431769504,4.7543,0.16659999,-4.7552,14.5544,-1.5123309999999999,-6.8527417,-1
590,591,1565431769514,5.4326,0.2751,-4.1647997000000005,14.954088,-1.4969316000000001,-6.343198,-1
591,592,1565431769524,5.7736998,0.1721,-3.6332998,15.238596,-1.8913906999999999,-5.8020988,-1
592,593,1565431769534,6.0123,-0.154,-3.2607,15.556009,-2.2812624,-5.1717916,-1
593,594,1565431769545,6.2760997000000005,-0.3628,-2.7502,15.824898000000001,-2.4541812000000003,-4.7948965999999995,-1
594,595,1565431769555,6.6043997,-0.5064,-2.4935,16.0783,-2.587749,-4.62351,-1
595,596,1565431769565,6.8689,-0.5507,-2.1959,16.361984,-2.5729623,-3.8874366,-1
596,597,1565431769575,6.982199700000001,-0.45029998,-1.6162,16.200672,-2.6106757999999997,-3.1102307000000002,-1
597,598,1565431769585,6.757999999999999,-0.4831,-1.0658,15.884801000000001,-2.6396265,-2.3596005,-1
598,599,1565431769596,6.2756996,-0.4852,-0.2235,15.136306,-2.5981877,-1.2432036,-1
599,600,1565431769605,5.5562,-0.43649998,0.5731,14.4323435,-2.5684037,-0.58607185,-1
600,601,1565431769616,4.5895,-0.4346,1.4705,13.19571,-2.5639029,1.0201885,-1
601,602,1565431769625,3.5337,-0.4757,2.6457,12.45774,-2.5099661,1.8799368000000003,-1
602,603,1565431769635,2.6439998,-0.4389,3.5872,11.386335,-2.2889814,3.0097222,-1
603,604,1565431769646,1.6571,-0.2728,4.3694,10.613717,-2.1353788,3.5265632000000005,-1
604,605,1565431769656,0.6332,-0.1514,4.8136,9.472075,-1.8639243000000003,3.8015422999999995,-1
605,606,1565431769666,-0.30949998,0.0255,4.854,8.872902,-1.6546423,3.8462275999999997,-1
606,607,1565431769676,-0.9949,0.24949999,4.8033,8.256089,-1.2091773000000001,3.526008,-1
607,608,1565431769686,-1.4919,0.55009997,4.3957,7.5414286,-0.8997697,3.1545331,-1
608,609,1565431769699,-2.9507,0.8005,3.9473,6.508655999999999,-0.71618235,2.9781668,-1
609,610,1565431769706,-2.9507,0.8005,3.9473,6.1059136,-0.7235373,2.8948482999999996,-1
610,611,1565431769716,-3.9808,0.6275,3.7839,4.9473305,-1.2027894,2.6365905,-1
611,612,1565431769726,-4.8605,0.1109,3.5846,4.450275,-1.6532441000000002,2.481475,-1
612,613,1565431769737,-5.2165,-0.3013,3.5149998999999994,4.552967,-1.8036574,2.308336,-1
613,614,1565431769746,-5.0976,-0.5484,3.3393,4.7743735,-2.0107176,1.9408643,-1
614,615,1565431769756,-4.7594,-0.78959996,2.9076998,5.195025,-2.1917098,1.300626,-1
615,616,1565431769768,-4.3894997,-0.90199995,2.4311,5.5843225,-2.3027048,0.7038474,-1
616,617,1565431769778,-4.0573997,-1.0076,1.9742998999999999,5.837964,-2.385592,-0.03892972,-1
617,618,1565431769788,-3.4503,-0.88019997,0.7757,6.186119000000001,-2.1923609,-0.6329216,-1
618,619,1565431769798,-3.155,-0.7391,-0.14559999,6.5565405,-1.9918034,-1.8284136000000002,-1
619,620,1565431769808,-2.8093998,-0.5402,-0.81549996,6.7932024,-1.8512542,-2.3702598,-1
620,621,1565431769819,-2.3056997999999997,-0.28219998,-1.4140999,7.4208856,-1.5284201000000002,-3.209868,-1
621,622,1565431769829,-1.7529,-0.0521,-1.8010999,7.8269806,-1.3740801999999999,-3.511882,-1
622,623,1565431769839,-1.2688999,0.0524,-2.1741,8.418013,-1.2537763000000002,-4.038664,-1
623,624,1565431769849,-0.69699997,0.0425,-2.5444,8.85259,-1.2942097,-4.383831,-1
624,625,1565431769859,-0.0674,0.0343,-2.5902,9.579661,-1.2900053999999999,-4.4227514,-1
625,626,1565431769869,0.5219,0.17199999,-2.1606,10.179302999999999,-1.1432697,-3.9419956,-1
626,627,1565431769880,0.8161,0.2958,-1.7050999,10.331057000000001,-1.0660231000000002,-3.628068,-1
627,628,1565431769891,0.6867,0.268,-1.5119,10.079925,-1.1463534,-3.575156,-1
628,629,1565431769902,0.3496,0.14039999,-1.4729999,9.80145,-1.2423321000000003,-3.4795508,-1
629,630,1565431769912,0.2963,0.0753,-1.5086,9.870421,-1.3437504999999998,-3.6890147000000004,-1
630,631,1565431769922,0.5861,0.0369,-1.7458999,10.362162,-1.2641575,-3.9227654999999997,-1
631,632,1565431769932,1.023,0.11229999,-1.7519999999999998,10.660153999999999,-1.249917,-3.8236456,-1
632,633,1565431769942,1.3416,0.17819999,-1.4961,10.828027,-1.2171643,-3.383687,-1
633,634,1565431769953,1.2864,0.18069999,-1.1154,10.67089,-1.2853321000000002,-3.162884,-1
634,635,1565431769963,1.0141,0.0888,-0.8935,10.254539,-1.317692,-2.9272084,-1
635,636,1565431769973,0.7015,0.121,-0.7917,10.127386999999999,-1.2647802,-2.9480765,-1
636,637,1565431769983,0.6432,0.2509,-0.8502,10.198926,-1.0302536,-3.1199992,-1
637,638,1565431769994,0.7604,0.4597,-1.109,10.248457,-0.8874540000000001,-3.2919699999999996,-1
638,639,1565431770004,0.6121,0.5887,-1.1743,9.933667,-0.9314976999999999,-3.187257,-1
639,640,1565431770014,0.33609998,0.4795,-1.0131,9.590827,-1.0369959,-2.913236,-1
640,641,1565431770024,0.070199996,0.3585,-0.7316,9.413647000000001,-1.1670105,-2.5371068,-1
641,642,1565431770034,-0.1365,0.21669999,-0.21239999,9.243419,-1.2494382,-2.1516309,-1
642,643,1565431770045,-0.31379998,0.12619999,0.19739999,9.070404,-1.3453499,-1.603895,-1
643,644,1565431770055,-0.47200000000000003,0.096,0.6527,9.028812,-1.347428,-1.350301,-1
644,645,1565431770065,-0.44399998,0.069699995,0.7423,9.122713000000001,-1.3611803,-1.4618133,-1
645,646,1565431770075,-0.2888,0.087,0.4745,9.294186,-1.3538253,-1.8304534,-1
646,647,1565431770085,-0.1732,0.067099996,0.1936,9.3549795,-1.3733716,-2.0461134999999997,-1
647,648,1565431770095,-0.1264,0.055299997000000004,-0.20459999,9.349654,-1.4651461000000001,-2.4070153,-1
648,649,1565431770106,-0.17799999,-0.009000000000000001,-0.36679998,9.274907,-1.4873258999999999,-2.2609215,-1
649,650,1565431770116,-0.23879999,0.0009,-0.1409,9.19157,-1.4283233,-1.9095196,-1
650,651,1565431770126,-0.3286,0.036599997,0.1485,9.086723,-1.4226155,-1.7473938000000002,-1
651,652,1565431770136,-0.4477,0.0508,0.3419,9.02706,-1.2939702,-1.5829313,-1
652,653,1565431770146,-0.4879,0.16319999,0.47829998,9.028621000000001,-1.2469865,-1.5511553999999999,-1
653,654,1565431770156,-0.4788,0.2276,0.37039998,9.023105000000001,-1.2668871000000002,-1.9036490000000001,-1
654,655,1565431770167,-0.47919998,0.1687,0.064399995,9.172129,-1.3500136,-2.0718465,-1
655,656,1565431770177,-0.0673,0.17719999,-0.0981,9.3871765,-1.2878411,-2.1201231,-1
656,657,1565431770187,-0.0673,0.17719999,-0.0981,9.56905,-1.2601258999999998,-2.1821806,s
657,658,1565431770198,0.069699995,0.2024,-0.1721,9.456617999999999,-1.3882825,-2.1826692000000003,-1
658,659,1565431770208,-0.305,-0.046499997,-0.1374,9.194386,-1.5124748,-2.1353981,-1
659,660,1565431770218,-0.305,-0.046499997,-0.1374,9.188391000000001,-1.5166023000000002,-2.2330816,-1
660,661,1565431770228,-0.22699999999999998,-0.0023,-0.2316,9.274265,-1.4711316,-2.2208040000000002,-1
661,662,1565431770238,-0.108799994,0.0296,0.0039999996999999995,9.401188000000001,-1.4240617,-1.9071636000000003,-1
662,663,1565431770248,-0.0201,0.0025,0.2696,9.483442,-1.4680766,-1.7157615000000002,-1
663,664,1565431770259,0.098,0.062699996,0.42769998,9.615803999999999,-1.3945937,-1.5304503,-1
664,665,1565431770269,0.1277,0.1514,0.37989998,9.6339035,-1.3275370000000002,-1.6019508,-1
665,666,1565431770281,0.08800000000000001,0.2287,0.0154,9.560526,-1.2668966,-2.0477319,-1
666,667,1565431770292,-0.1094,0.1472,-0.22399999,9.282358,-1.3704315,-2.2484906000000002,-1
667,668,1565431770302,-0.3459,0.035099998,-0.2755,9.127817,-1.43926,-2.2353992000000003,-1
668,669,1565431770312,-0.4544,-0.0357,-0.14919999,9.0963,-1.5495368,-2.076453,-1
669,670,1565431770322,-0.3267,-0.0931,0.1153,9.341447,-1.5553788,-1.7344363,-1
670,671,1565431770332,-0.0711,-0.097899996,0.34019998,9.542617,-1.5413678999999998,-1.5891466,-1
671,672,1565431770343,0.1255,-0.062299997,0.35799998,9.672814,-1.5194083,-1.7675049999999999,-1
672,673,1565431770353,0.18439999,0.03,0.1489,9.682688,-1.4075031999999998,-1.9041182,-1
673,674,1565431770363,0.1348,0.1381,-0.049799997,9.599275,-1.3500328000000001,-2.0202273999999996,-1
674,675,1565431770373,-0.0815,0.15359999,-0.1871,9.317849,-1.3506553999999997,-2.2128553,-1
675,676,1565431770383,-0.3276,0.1466,-0.2942,9.040333,-1.3393452,-2.2277951000000003,-1
676,677,1565431770394,-0.5244,0.0898,-0.22309999,8.965241,-1.3704123,-2.1253042,-1
677,678,1565431770404,-0.54399997,0.0848,-0.0234,9.010118499999999,-1.3827856,-1.8442247999999999,-1
678,679,1565431770414,-0.49429998,0.074499995,0.22549999,9.034730999999999,-1.4047163999999999,-1.6487238000000002,s
679,680,1565431770424,-0.39519998,0.0195,0.39409998,9.227608,-1.4500626,-1.5543636,-1
680,681,1565431770435,-0.18859999,0.017099998999999998,0.41169998,9.504521,-1.3628850000000001,-1.641752,-1
681,682,1565431770445,0.0276,0.1231,0.3102,9.536527,-1.3214556999999998,-1.6972208,-1
682,683,1565431770455,-0.0112,0.1775,0.2096,9.423655,-1.3373436,-2.0347459999999997,-1
683,684,1565431770465,-0.08,0.1296,-0.13509999,9.429928,-1.3649248,-2.2936834999999998,-1
684,685,1565431770475,-0.0508,0.107999995,-0.35999998,9.535692999999998,-1.448856,-2.3073018,-1
685,686,1565431770485,0.028099999,-0.0039,-0.32479998,9.619232,-1.6203096000000001,-2.2053566000000004,-1
686,687,1565431770496,0.2155,-0.21419999,-0.0714,9.992229,-1.7432566000000003,-1.7727818,-1
687,688,1565431770507,0.5797,-0.25759998,0.27179998,10.338652,-1.6958896,-1.5257098999999998,-1
688,689,1565431770516,0.8355,-0.2333,0.47529998,10.368157,-1.7543752000000001,-1.4664581,-1
689,690,1565431770526,0.8056,-0.30949998,0.5668,10.270445,-1.7752718999999997,-1.4292618000000001,-1
690,691,1565431770536,0.74549997,-0.2993,0.51879996,10.2795725,-1.7500465,-1.578344,-1
691,692,1565431770546,0.7831,-0.28849998,0.38979998,10.430283,-1.6577741000000001,-1.7680031000000003,-1
692,693,1565431770556,1.0263,-0.20699999,0.1594,10.819875999999999,-1.5509639,-1.7601596000000002,-1
693,694,1565431770567,1.3971,-0.1226,0.2418,11.389965,-1.4792718999999999,-1.879841,-1
694,695,1565431770577,1.8858,-0.054899998,0.107099995,11.828946,-1.4958205,-2.2356768,-1
695,696,1565431770587,2.4229,-0.0845,-0.39399999999999996,12.483713,-1.538198,-2.7357970000000003,-1
696,697,1565431770597,2.9687,-0.1179,-0.7703,12.791732000000001,-1.5341375,-2.7144597000000004,-1
697,698,1565431770607,3.3277997999999998,-0.14119999,-0.769,12.864889,-1.6985999,-2.6411397,-1
698,699,1565431770617,3.3428,-0.3145,-0.6843,12.780766,-1.7487728999999999,-2.5624947999999996,-1
699,700,1565431770628,3.0358999,-0.4845,-0.6059,12.56817,-1.7809988,-2.5605602000000003,-1
700,701,1565431770638,3.0358999,-0.4845,-0.6059,12.400749000000001,-1.7334691000000002,-2.5176945,-1
701,702,1565431770648,2.7173,-0.4353,-0.588,12.267372,-1.5908799999999998,-2.5489056,-1
702,703,1565431770658,2.6894999,-0.2801,-1.0487,12.258735,-1.3398048,-3.0906272,-1
703,704,1565431770668,2.6411,-0.1979,-1.2694,12.201589,-1.2123951000000002,-3.2219729999999998,-1
704,705,1565431770679,2.4255,-0.1512,-1.3550999,11.976256,-1.0483634,-3.3544395,-1
705,706,1565431770689,2.1792998,-0.1015,-1.5744,11.762952,-0.951858,-3.5121982000000003,-1
706,707,1565431770699,1.8156999,-0.0502,-1.3621,11.369183,-0.74202055,-3.2252004000000003,-1
707,708,1565431770709,1.4334999,0.070599996,-1.0483999,11.038466,-0.574685,-2.9606986,-1
708,709,1565431770719,0.82629997,0.098,-0.5111,10.331134,-0.43585005,-2.2700287999999995,-1
709,710,1565431770730,0.20989999,-0.0037999998,0.17029999,9.836051,-0.43530416,-1.7178397,-1
710,711,1565431770740,-0.34700000000000003,-0.06399999599999999,0.5238,9.202306,-0.3831776,-1.326292,-1
711,712,1565431770750,-0.71739995,-0.0991,0.5187,8.916716000000001,-0.31230924,-1.3286766,-1
712,713,1565431770762,-1.1364,-0.0902,0.3719,8.413416,-0.16271953,-1.4725586000000002,-1
713,714,1565431770772,-1.5548999,-0.038399998,0.16229999,7.908881,-0.019393034,-1.5856607,-1
714,715,1565431770782,-1.9433,-0.0037999998,0.1476,7.634975,0.13335703,-1.5733256000000002,-1
715,716,1565431770792,-2.3107998,0.1024,0.0853,7.209094500000001,0.34146106,-1.5831898000000002,-1
716,717,1565431770803,-2.6866999,0.1431,0.1245,6.7537080000000005,0.51948434,-1.5023806999999998,-1
717,718,1565431770813,-3.1106,0.2357,0.2043,6.3570557,0.614898,-1.3613048,-1
718,719,1565431770823,-3.5827,0.2331,0.4222,5.793786,0.7491074000000001,-1.029411,-1
719,720,1565431770833,-4.0435,0.2534,0.616,5.431907,0.85326475,-0.90639687,-1
720,721,1565431770843,-4.4929,0.3473,0.73899996,4.9246620000000005,0.9739325000000001,-0.7383814000000001,-1
721,722,1565431770853,-4.9007998,0.3066,0.99689996,4.6156473,0.9681576999999999,-0.42114007,-1
722,723,1565431770864,-5.3185,0.3175,1.4324,4.048125700000001,1.0375513,0.018397043999999998,-1
723,724,1565431770874,-5.8224998,0.26569998,1.6407,3.6382767999999994,1.0046549,0.10119812,-1
724,725,1565431770884,-6.2879996,0.1656,1.7508,3.1448605,0.92837566,0.34134614,-1
725,726,1565431770894,-6.6857,0.088999994,2.0471,2.5695912999999995,0.8599973,0.45539632,-1
726,727,1565431770904,-7.1631,-0.030199998999999998,2.001,2.282086,0.70689285,0.06492117,-1
727,728,1565431770914,-7.4761,-0.2384,1.4997,2.1544464,0.47207910000000003,-0.3405704,-1
728,729,1565431770925,-7.3111997,-0.4344,1.1508,2.697892,0.31235713,-0.40270472,-1
729,730,1565431770935,-6.666599799999999,-0.47,1.4151,3.33066,0.27738264,-0.0965821,-1
730,731,1565431770945,-5.7757998,-0.4166,1.7606,4.3821363,0.25580610000000004,0.15696387,-1
731,732,1565431770955,-4.9621997,-0.32819998,1.7522999,5.4354315,0.23344424,-0.5145331,-1
732,733,1565431770965,-4.0295,-0.2392,1.0728999,6.182432,0.26056576,-1.1709945,-1
733,734,1565431770975,-3.1139997999999998,-0.1528,0.3724,7.334455,0.17919163,-1.9019633999999999,-1
734,735,1565431770985,-2.0872,-0.1406,-0.19899999999999998,8.370599,0.034141317000000004,-2.433256,-1
735,736,1565431770995,-0.7144,-0.16569999,-0.705,10.217601,-0.16158946,-2.7212593999999997,-1
736,737,1565431771006,0.9162,-0.2113,-0.68579996,11.641528,-0.18351077,-2.4624843999999997,-1
737,738,1565431771016,2.6764997999999998,-0.13329999,-0.3805,13.573228,-0.22768858,-2.540813,-1
738,739,1565431771026,4.2606997,-0.0828,-0.5122,14.571888000000001,-0.3035369,-2.9862783,-1
739,740,1565431771036,5.3071,-0.0977,-1.0261999,15.203354000000001,-0.59385777,-3.5708847,-1
740,741,1565431771046,5.6604,-0.3285,-1.411,15.1839695,-0.83786523,-3.8588116,-1
741,742,1565431771057,5.5846995999999995,-0.5458,-1.8355999,14.929352,-0.95363927,-4.556664,-1
742,743,1565431771067,5.2816997,-0.5546,-2.4325,14.411801,-0.9568761999999998,-5.259276,-1
743,744,1565431771077,4.8773,-0.5283,-2.9341998,13.979006,-0.8749754000000001,-5.472503,-1
744,745,1565431771087,3.6962,-0.3263,-3.0404,13.223339000000001,-0.7498831,-5.394845,-1
745,746,1565431771098,3.1666,-0.2801,-3.0888999,12.791865,-0.70062006,-5.452469000000001,-1
746,747,1565431771108,2.7238,-0.2546,-2.9276,12.243727999999999,-0.67219603,-5.272645,-1
747,748,1565431771118,2.7238,-0.2546,-2.9276,11.8902855,-0.64712393,-5.0256977,-1
748,749,1565431771128,1.8736999,-0.33789998,-2.1780999,11.397052,-0.7444722,-4.50629,-1
749,750,1565431771138,1.2001,-0.19649999,-1.7717999,10.578425,-0.5758246,-4.0091677,-1
750,751,1565431771148,0.1804,-0.1314,-1.5730000000000002,9.727134,-0.5037401,-3.832523,-1
751,752,1565431771159,-0.9884,-0.0722,-1.5303999,8.347078,-0.37747943,-3.7386800000000004,-1
752,753,1565431771169,-2.1094,0.0145,-1.6215998999999999,7.468760499999999,-0.29116365,-3.7835665,-1
753,754,1565431771179,-2.9269998,0.103599995,-1.6586,6.560352000000001,-0.15163916,-3.7308078,-1
754,755,1565431771189,-3.3321,0.21849999,-1.4997,6.2668514,-0.046974234000000004,-3.5523822,-1
755,756,1565431771199,-3.4915998,0.23429999,-1.2435,6.062760400000001,0.015638925,-3.1020617,-1
756,757,1565431771210,-3.5911,0.22919999,-0.6408,6.0306587,0.019077,-2.5770326,-1
757,758,1565431771220,-3.6108,0.23169999,0.0444,6.034557,0.010036494,-1.7008888,-1
758,759,1565431771230,-3.6395998,0.2112,0.3974,6.002139,-0.04260721,-1.4368275,-1
759,760,1565431771240,-3.8346998999999995,0.0779,0.5154,5.790176,-0.21250933,-1.2172216999999999,-1
760,761,1565431771250,-3.8916998,0.0092,0.6354,5.773569,-0.28757235,-1.0202364,-1
761,762,1565431771261,-3.7619998,0.015,0.9023,5.915584,-0.30043402,-0.6954484999999999,-1
762,763,1565431771271,-3.6123998,-0.1392,1.5105,6.1216197,-0.55200714,0.14949396,-1
763,764,1565431771281,-3.4527,-0.2368,2.441,6.266938,-0.64200044,1.1108042,-1
764,765,1565431771291,-3.1643999,-0.3543,3.4411,6.612305999999999,-0.8592023999999999,2.2184002,-1
765,766,1565431771302,-2.8648,-0.4226,4.1015997,6.8851686,-0.9171325000000001,2.7378654,-1
766,767,1565431771312,-2.504,-0.48999998,4.5931,7.345152400000001,-1.0970999,3.3137187999999993,-1
767,768,1565431771322,-2.1014,-0.5196,4.9277997000000004,7.8648663,-1.1706593,3.6225996,-1
768,769,1565431771332,-1.6376,-0.5136,5.0639997,8.2024975,-1.2783983,3.6479301,-1
769,770,1565431771342,-1.2209999999999999,-0.5146,4.9714,8.709234,-1.3943063999999998,3.4920292,-1
770,771,1565431771352,-0.78349996,-0.5446,4.7739,9.056489,-1.4651653,3.3315701,-1
771,772,1565431771362,-0.3642,-0.4271,4.6289997000000005,9.483939999999999,-1.4118511999999999,3.2353134,-1
772,773,1565431771372,-0.0903,-0.3382,4.6168,9.61364,-1.4371914,3.2086995,-1
773,774,1565431771382,0.0187,-0.3969,4.5741997,9.694792999999999,-1.7307206000000002,3.1519186,-1
774,775,1565431771393,0.1793,-0.58379996,4.4944,9.96031,-1.9221896,3.0449457000000004,-1
775,776,1565431771402,0.6275,-0.5739,4.3415,10.426364999999999,-1.9363153999999998,2.9026058,-1
776,777,1565431771412,1.4024999,-0.6035,4.1640997,11.351322,-2.0438436999999996,2.5410907000000003,-1
777,778,1565431771422,2.2089999,-0.5366,3.7589998,12.213339999999999,-1.9820063,1.8849646,-1
778,779,1565431771432,2.8989999999999996,-0.4055,3.1429,12.694815,-1.9816041000000002,1.1819792,-1
779,780,1565431771443,3.3931,-0.3403,2.2245,13.100469,-2.0431066,-0.078922465,-1
780,781,1565431771453,3.6898,-0.3148,1.3426,13.298679000000002,-2.0235791,-0.6431209,-1
781,782,1565431771464,3.9264997999999998,-0.17369999,0.8057,13.504045000000001,-1.9182343000000002,-1.217576,-1
782,783,1565431771474,4.0741,-0.08339999599999999,0.44829997,13.638714000000002,-1.8996267,-1.7770052,-1
783,784,1565431771484,4.2009,-0.013599999,-0.0158,13.712292000000001,-1.8721700000000001,-2.3426112999999997,-1
784,785,1565431771495,4.3469,-0.0008,-0.69269997,13.862016,-2.0025392,-3.3800093999999996,-1
785,786,1565431771505,4.463,-0.103999995,-1.4751999,13.972925,-2.0532866000000003,-3.8443506000000003,-1
786,787,1565431771515,4.665499700000001,-0.1393,-1.9647,14.165389999999999,-2.0263183000000002,-4.515694,-1
787,788,1565431771525,4.7976,-0.1149,-2.4364,14.161023000000002,-1.9942263,-4.8476834,-1
788,789,1565431771535,4.7511,-0.090399995,-2.6562,13.957066000000001,-1.9683498,-5.108882,-1
789,790,1565431771546,4.5452,-0.1241,-2.8611999,13.720988,-2.008783,-5.4101777,-1
790,791,1565431771556,4.2,-0.22999999,-3.1636,13.244791000000001,-2.2048776,-5.786048,-1
791,792,1565431771566,3.8595,-0.46499997,-3.425,13.149261,-2.3942113,-6.053212,-1
792,793,1565431771576,3.8016998999999996,-0.6529,-3.6167998,13.170437,-2.3561435,-6.1582794000000005,-1
793,794,1565431771586,3.8393,-0.6685,-3.7091,13.114142999999999,-2.3869328,-6.1738610000000005,-1
794,795,1565431771597,3.7554,-0.74,-3.6848998,12.961615,-2.3872776,-6.080152,-1
795,796,1565431771607,3.5598998,-0.8017,-3.5419,12.553106,-2.2071667,-5.783548400000001,-1
796,797,1565431771617,3.1757998,-0.6884,-3.2849,12.0752325,-2.1475415,-5.5976624,-1
797,798,1565431771627,2.5637,-0.6843,-3.0719,11.407941000000001,-1.954607,-5.3271465,-1
798,799,1565431771637,2.0084,-0.62079996,-2.8449,11.011891,-1.6831046000000003,-5.251126,-1
799,800,1565431771648,1.5109,-0.3769,-2.7503,10.454493,-1.4102805,-5.407352400000001,-1
800,801,1565431771658,0.6823,-0.1349,-3.1489,10.228585,-1.2370745,-5.579199,-1
801,802,1565431771668,0.1761,0.0094,-3.0198,9.644160000000001,-0.9134933000000001,-5.4304137,-1
802,803,1565431771678,-0.51489997,-0.0179,-2.7707999,8.852149,-0.8078228,-5.114857,-1
803,804,1565431771689,-1.1546999,-0.0372,-2.2632,8.348783000000001,-0.7265062,-4.6454697,-1
804,805,1565431771699,-1.5768,-0.0047,-1.7836,7.861092999999999,-0.5712182,-4.1046867,-1
805,806,1565431771709,-1.8309,-0.0245,-1.6589999,7.6825337,-0.49680640000000004,-4.019357,-1
806,807,1565431771719,-1.9468,-0.018099999,-1.7429999,7.550910000000001,-0.34025437,-4.1174808,-1
807,808,1565431771729,-2.1206,0.042099997,-2.0434,7.4152255,-0.22914426,-4.3761315000000005,-1
808,809,1565431771740,-2.2545,-0.021499999,-2.7577999,7.251855,-0.16852307,-5.220624,-1
809,810,1565431771750,-2.3676,-0.0374,-3.2942998,7.1738043000000005,-0.122880004,-5.5876455,-1
810,811,1565431771760,-2.6046,-0.028299998,-3.3003,6.853497999999999,0.02735136,-5.5438504,-1
811,812,1565431771770,-3.1123998,0.014099998999999998,-3.0304,6.137881,0.14415011,-5.1863675,-1
812,813,1565431771780,-3.8437997999999998,-0.113699995,-2.6197999,5.537396,0.1278408,-4.839160400000001,-1
813,814,1565431771791,-4.6821,-0.2681,-2.122,4.5544806,-0.026125528,-4.178552,-1
814,815,1565431771800,-5.3055997,-0.56729996,-1.5812998999999999,4.144957,-0.18776287,-3.8121917,-1
815,816,1565431771810,-5.4421,-0.8190000000000001,-1.3680999,4.1762347,-0.31778717,-3.5950184000000003,-1
816,817,1565431771820,-5.1308,-0.8251,-1.1958,4.5478244000000005,-0.24990676,-3.4311782999999996,-1
817,818,1565431771830,-4.5773,-0.68549997,-1.2581999,5.1854672,-0.013225569,-3.6266696000000005,-1
818,819,1565431771841,-4.0952997,-0.5726,-1.6342,5.523442299999999,0.10979809,-3.9413445,-1
819,820,1565431771851,-3.8402,-0.54039997,-1.9271,5.748947599999999,0.13422853,-4.1169257,-1
820,821,1565431771861,-3.8211,-0.5825,-2.046,5.77016,0.044254426,-4.125564,-1
821,822,1565431771871,-3.5867,-0.7101,-1.9715999,6.136588,-0.054894257,-3.9798910000000003,-1
822,823,1565431771882,-3.0586,-0.6792,-1.6359999,6.6240473,0.04657201,-3.4932839999999996,-1
823,824,1565431771892,-2.5902,-0.5603,-0.9826,7.1869144,0.1863455,-2.6626587,-1
824,825,1565431771902,-2.1125998,-0.4623,-0.4822,7.593047599999999,0.27460533,-2.2542365,-1
825,826,1565431771912,-1.8608999,-0.36519998,0.101399995,7.8244333,0.36385164,-1.416065,-1
826,827,1565431771922,-1.8245,-0.3655,0.7629,7.8288484,0.33294725,-0.52406204,-1
827,828,1565431771932,-1.7787,-0.43109998,1.4004999,7.9513929999999995,0.29443893,0.052653282999999995,-1
828,829,1565431771943,-1.4685,-0.4208,2.1524,8.495394000000001,0.43897212,1.1703048999999999,-1
829,830,1565431771953,-0.99189997,-0.1757,2.9612,8.840044,0.6134615,1.8001907,-1
830,831,1565431771963,-0.6529,-0.0981,3.4824998,9.221314999999999,0.6014043,2.3402939999999997,-1
831,832,1565431771973,-0.36249998,-0.102699995,3.6806,9.432694999999999,0.5440105,2.3789363,-1
832,833,1565431771983,-0.100499995,-0.2012,3.5289998,9.863747,0.36653309999999995,2.2821243,-1
833,834,1565431771994,0.31039998,-0.2303,3.3881,10.208262,0.35923558,2.2799695,-1
834,835,1565431772004,0.7143,-0.2034,3.3616,10.595472000000001,0.40299204,2.458309,-1
835,836,1565431772014,0.89559996,-0.16399999,3.6009,10.601716999999999,0.36697367,2.6431793999999997,-1
836,837,1565431772024,0.82449996,-0.2223,3.6711998,10.493087,0.3226522,2.6198792,-1
837,838,1565431772034,0.7061,-0.20099999,3.6169,10.358916,0.5001487,2.368306,-1
838,839,1565431772044,0.5893,-0.0376,3.2601,10.203494000000001,0.5443553000000001,1.8719113999999997,-1
839,840,1565431772054,0.3755,-0.035299998,2.6466,9.982299000000001,0.55200714,1.268314,-1
840,841,1565431772065,0.1814,-0.0436,2.1906,9.82274,0.5204803,0.9260294,-1
841,842,1565431772075,0.0067999995999999995,-0.1091,1.8612,9.654485000000001,0.4345093,0.71288794,-1
842,843,1565431772085,-0.0894,-0.1511,1.7774999,9.712442999999999,0.40883390000000003,0.55623055,-1
843,844,1565431772096,0.0881,-0.17719999,1.4656999,10.039788,0.5140447,0.27407864,-1
844,845,1565431772106,0.3338,-0.060099997,1.3478999,10.224851,0.45803952,0.063092,-1
845,846,1565431772117,0.4815,-0.116799995,1.1626999,10.268730999999999,0.51849794,-0.3062663,-1
846,847,1565431772126,0.5212,-0.0479,0.7206,10.167695,0.5670044,-0.58190596,-1
847,848,1565431772136,0.32569999,0.036199998,0.4351,9.738482000000001,0.5705286999999999,-0.9310666999999999,-1
848,849,1565431772147,-0.0459,0.0075999996999999994,0.13939999,9.4887,0.4903804,-1.2131611,-1
849,850,1565431772157,-0.3295,-0.08249999599999999,-0.0804,9.354845,0.49206590000000006,-1.0902141,s
850,851,1565431772167,-0.35819998,-0.045399997000000004,0.14029999,9.349511,0.5576671,-0.71538746,-1
851,852,1565431772177,-0.4465,-0.015299999,0.75839996,9.314019,0.52496225,-0.42165723,-1
852,853,1565431772187,-0.4465,-0.015299999,0.75839996,9.183507,0.5848364,-0.63439643,-1
853,854,1565431772197,-0.5552,0.0365,0.5175,9.18614,0.5898355,-1.1798051999999999,-1
854,855,1565431772207,-0.3324,0.1554,-0.56949997,9.39954,0.6942419,-1.7092205000000003,-1
855,856,1565431772218,-0.2447,0.10229999599999999,-0.80689996,9.4969845,0.61303055,-1.9211648999999997,-1
856,857,1565431772228,-0.2052,-0.0514,-0.5284,9.530302,0.47908932,-1.6757974999999998,-1
857,858,1565431772238,-0.2139,-0.10969999400000001,0.0594,9.511521,0.40835503,-0.9657443000000001,-1
858,859,1565431772248,-0.2139,-0.10969999400000001,0.0594,9.496046,0.3929747,-0.7385825,-1
859,860,1565431772258,-0.2707,-0.1418,0.6741,9.460238,0.37646428,-0.5001679,-1
860,861,1565431772269,-0.2703,-0.092999995,0.5595,9.464969,0.44861594,-0.6109428000000001,-1
861,862,1565431772279,-0.2703,-0.092999995,0.5595,9.446045,0.49264053,-0.7985812,-1
862,863,1565431772289,-0.2902,0.0312,-0.0778,9.451675,0.5634418000000001,-1.2542266000000002,-1
863,864,1565431772299,-0.2323,-0.0011,-0.5529999999999999,9.503755,0.5348742,-1.6559736,-1
864,865,1565431772309,-0.0565,0.0168,-0.9579,9.6765785,0.5305838,-2.1184664,-1
865,866,1565431772319,0.1296,0.0535,-0.877,9.921648,0.522501,-1.9989861,-1
866,867,1565431772330,0.27719998,0.0475,-0.479,10.011709,0.5532617,-1.6525834,-1
867,868,1565431772340,0.2584,0.1061,0.2733,9.959046,0.6037505999999999,-0.78412026,-1
868,869,1565431772350,0.0633,0.053099997,0.7701,9.791337,0.56389195,-0.41053855,-1
869,870,1565431772360,-0.1024,0.0583,0.8835,9.608487,0.5941354999999999,-0.3741946,-1
870,871,1565431772370,-0.20969999,0.0861,0.4558,9.530503,0.5521795,-0.93325025,-1
871,872,1565431772381,-0.14109999,0.0296,0.0253,9.619137,0.5096393,-1.2345653,-1
872,873,1565431772391,0.0056,-0.0139,-0.1511,9.861717,0.49991888,-1.3983478999999999,-1
873,874,1565431772401,0.3189,0.0021,-0.2997,10.108865,0.48065993,-1.5259397,s
874,875,1565431772411,0.5442,-0.043199997000000004,-0.4278,10.353667999999999,0.47316128,-1.6339756,-1
875,876,1565431772421,0.56439996,-0.024999999,-0.43339998,10.29186,0.47321874,-1.5938871000000001,-1
876,877,1565431772432,0.4481,-0.0625,-0.3768,10.100055000000001,0.47050852,-1.4752975,-1
877,878,1565431772442,0.2341,-0.0457,-0.0444,9.924205,0.48388729999999996,-1.1345835,-1
878,879,1565431772452,0.010199999,-0.0211,0.41369998,9.690339999999999,0.550925,-0.63539237,-1
879,880,1565431772462,-0.106,0.043399997,0.7033,9.558716,0.6529754,-0.44303265,-1
880,881,1565431772472,-0.23249999,0.111899994,0.7755,9.490175,0.6544023,-0.52444506,-1
881,882,1565431772482,-0.3006,0.107,0.54249996,9.424182,0.6277118,-0.8735004999999999,-1
882,883,1565431772493,-0.2908,0.0385,0.19909999,9.489017,0.56438035,-1.1487668,-1
883,884,1565431772503,-0.13419999,-0.0265,0.021399999,9.782756,0.51249325,-1.3393548000000002,-1
884,885,1565431772513,0.1792,-0.0030999999,-0.1944,10.030039,0.5752213,-1.4797603000000001,-1
885,886,1565431772523,0.40469998,0.055999997999999995,-0.34199998,10.108032000000001,0.6377387,-1.5660378000000001,-1
886,887,1565431772533,0.30719998,0.097899996,-0.2916,9.893129,0.67246425,-1.4120138999999998,-1
887,888,1565431772544,0.0047999997999999995,0.1028,-0.0407,9.465582000000001,0.657601,-1.1504043,-1
888,889,1565431772554,-0.4243,0.102199994,0.1153,9.160034,0.7118919,-1.1201223999999999,-1
889,890,1565431772564,-0.76489997,0.17899999,0.15529999,8.81547,0.85432774,-1.019068,-1
890,891,1565431772574,-0.97819996,0.2386,0.3023,8.655595,0.8783081,-0.84635985,-1
891,892,1565431772586,-1.1330999,0.2536,0.5846,8.541344,0.9733196,-0.66056025,-1
892,893,1565431772594,-1.2006,0.32389998,0.5897,8.540625,0.9734153,-0.7572668,-1
893,894,1565431772604,-1.1219,0.30269998,0.4143,8.738118,0.9642791,-0.9634555,-1
894,895,1565431772614,-0.88689995,0.345,0.2658,8.892342999999999,1.0447242,-1.0257144,-1
895,896,1565431772625,-0.75009996,0.42819998,0.235,8.9571495,1.1015242,-1.0245267,-1
896,897,1565431772634,-0.8386,0.4308,0.26389998,8.771942999999998,1.0572985000000001,-1.0274094,-1
897,898,1565431772644,-1.1523,0.3714,0.294,8.2781725,0.9759437,-0.89067173,-1
898,899,1565431772654,-1.5932,0.3004,0.4721,8.000138,0.9124303,-0.70796543,-1
899,900,1565431772664,-1.8478999,0.26999998,0.8071,7.762835000000001,0.9055924000000001,-0.24840320000000002,-1
900,901,1565431772674,-1.9853,0.24409999,1.171,7.619796000000001,0.7993186,0.123521656,-1
901,902,1565431772684,-2.1035,0.1463,1.4663,7.5583034,0.65951633,0.31272104,-1
902,903,1565431772694,-2.1337,0.0446,1.6151999,7.563637700000001,0.6780571,0.5087295999999999,-1
903,904,1565431772704,-2.164,0.0859,1.7954999,7.507747,0.68334347,0.61044484,-1
904,905,1565431772714,-2.3216999,0.0835,1.9193,7.261805000000001,0.55063766,0.5868763000000001,-1
905,906,1565431772725,-2.4891,-0.022499999,1.8001,7.1095243,0.51247406,0.43936473,-1
906,907,1565431772735,-2.6757,-0.0647,1.7046,6.973141,0.29683313,0.35512713,-1
907,908,1565431772745,-2.7533,-0.1902,1.6079999,7.0370474000000005,0.15011644,0.097635545,-1
908,909,1565431772755,-2.6332998,-0.33249998,1.3542,7.152936,-0.011281478999999999,-0.09197565,-1
909,910,1565431772765,-2.5895998,-0.3852,1.3399,7.0808800000000005,-0.12735237,-0.0053055509999999995,-1
910,911,1565431772775,-2.7201998,-0.4477,1.5137999,6.742426400000001,-0.24100992,0.32659784,-1
911,912,1565431772786,-3.0163999,-0.5388,1.8488,6.425836599999999,-0.36680126,0.49143383,-1
912,913,1565431772796,-3.4197,-0.6253,2.1167998,6.0306873,-0.51980996,0.6125134,-1
913,914,1565431772806,-3.6952,-0.6734,2.2656999,5.9142623,-0.5963861,0.7355658,-1
914,915,1565431772816,-3.6962998,-0.7475,2.4394,6.4164224,-0.6883425999999999,0.54036176,-1
915,916,1565431772826,-3.0895,-0.6684,2.1859999,7.6459600000000005,-0.55992717,-0.8007743,-1
916,917,1565431772837,-2.0016,-0.44709998,0.9975,8.538451,-0.56535727,-2.1510372,-1
917,918,1565431772847,-0.9108,-0.33609998,-0.5959,9.289521,-0.53813994,-3.3332458,-1
918,919,1565431772857,0.0081,-0.1959,-1.9181,10.009047,-0.62488663,-4.676230400000001,-1
919,920,1565431772867,0.48909998,-0.22989999,-2.9083,10.438958999999999,-0.90855163,-5.500659,-1
920,921,1565431772877,0.86319995,-0.3751,-3.4183,10.873114999999999,-0.96070695,-5.6785197,-1
921,922,1565431772887,1.4625,-0.32899999999999996,-3.5700998,11.657962,-0.781908,-5.722112999999999,-1
922,923,1565431772898,2.5964,0.1365,-3.3878998999999994,12.183364,-0.5154238,-5.704329,-1
923,924,1565431772908,2.5964,0.1365,-3.3878998999999994,12.165159,-0.28897059999999997,-5.96025,-1
924,925,1565431772918,2.6606998,0.43899998,-3.6273,11.790869,-0.3034507,-6.2610097,-1
925,926,1565431772928,1.3935,0.2479,-4.0557,10.873957,-0.5100799,-6.4908529999999995,-1
926,927,1565431772938,0.9633,0.0359,-3.9873998,10.478396,-0.6723589,-6.4867635,-1
927,928,1565431772948,0.9633,0.0359,-3.9873998,10.379947,-0.88610363,-6.243762,-1
928,929,1565431772958,0.9145,-0.081999995,-3.7328,10.410602,-1.0670190000000002,-5.9417862999999995,-1
929,930,1565431772968,1.0950999,-0.4376,-3.3404998999999997,10.545233,-1.3193393,-5.8391423,-1
930,931,1565431772978,1.1895,-0.6107,-3.4029998999999997,10.62697,-1.494365,-5.856323000000001,-1
931,932,1565431772988,1.5060999,-0.6752,-3.5978,10.967474000000001,-1.6645256000000002,-6.0127697,-1
932,933,1565431772999,1.9370999,-0.51739997,-3.9053,11.498460000000001,-1.5149264,-6.3201849999999995,-1
933,934,1565431773009,1.9370999,-0.51739997,-3.9053,11.704802,-1.3904278,-6.279311,-1
934,935,1565431773019,2.2231998,-0.1413,-3.8683998999999996,11.659742999999999,-1.2043887,-6.030822,-1
935,936,1565431773029,2.2231998,-0.1413,-3.8683998999999996,11.419767,-1.1233403999999998,-5.7713766,-1
936,937,1565431773039,1.3758,-0.1161,-3.2479,10.816754,-1.2883200000000001,-5.173822,-1
937,938,1565431773049,1.1617,-0.2254,-2.9313,10.724539,-1.3567557,-4.875523599999999,-1
938,939,1565431773060,1.4284999,-0.2393,-2.5074,11.069303999999999,-1.3709391000000002,-4.2094564000000005,-1
939,940,1565431773070,1.8337,-0.2665,-1.4818,11.551171,-1.3648578000000002,-2.7156951,-1
940,941,1565431773080,2.0542,-0.299,0.0525,11.651086,-1.4001005,-1.3443059,-1
941,942,1565431773090,1.8932999,-0.41509998,1.6326,11.520438,-1.5017679,0.014652515,-1
942,943,1565431773100,1.6443,-0.5927,2.8293998,11.250852,-1.6694098000000002,1.4585763999999999,-1
943,944,1565431773110,1.4930999,-0.66099995,3.5784998,11.169113000000001,-1.6775404999999999,2.3591792999999996,-1
944,945,1565431773121,1.5873,-0.5783,4.0771,11.267189,-1.6060784,2.7589342999999995,-1
945,946,1565431773131,1.7903999,-0.4912,4.2801,11.469558000000001,-1.5121777,2.9647017000000004,-1
946,947,1565431773141,2.1317,-0.4226,3.9743998,11.886963,-1.3980222,2.6358917,-1
947,948,1565431773151,2.3758,-0.34759998,3.359,12.093324,-1.3543136999999998,2.113151,-1
948,949,1565431773161,2.2777,-0.36879998,3.2338998,11.933046000000001,-1.3500808000000002,2.1797867,-1
949,950,1565431773171,1.8370999,-0.4883,3.4345999,11.330157,-1.5225016000000002,2.5960902999999997,-1
950,951,1565431773181,1.319,-0.6547,4.02,10.944345,-1.5921537000000001,3.2295960999999997,-1
951,952,1565431773191,0.8714,-0.7556,5.025,10.468522,-1.5991256,4.364591000000001,-1
952,953,1565431773201,0.6609,-0.73859996,5.7311,10.383778,-1.5204618,4.8496566,-1
953,954,1565431773211,0.6969,-0.6217,5.8693,10.504617,-1.3515843,4.7866607000000005,-1
954,955,1565431773221,0.8420000000000001,-0.54249996,5.4672,10.634153,-1.2500126,4.3428807,-1
955,956,1565431773231,0.9684,-0.38689998,4.7788997,10.693941,-0.9968306999999998,3.4180486000000005,-1
956,957,1565431773242,0.8893,-0.1682,3.9694998,10.541632,-0.7699560999999999,2.7275127999999995,-1
957,958,1565431773252,0.5457,-0.0246,3.0951998,10.140717500000001,-0.53678,1.6955066000000003,-1
958,959,1565431773262,0.21249999,0.13319999,2.1473,9.797514,-0.32557312,0.39592436,-1
959,960,1565431773272,-0.0023999998999999998,0.2491,0.9754,9.691939,-0.16708654,-0.5958785,-1
960,961,1565431773282,-0.0989,0.3827,-0.0363,9.548345,0.016960526,-1.5972773999999998,-1
961,962,1565431773292,-0.28239998,0.37559998,-0.59029996,9.360246,0.056235007999999996,-1.9058324,-1
962,963,1565431773302,-0.5427,0.3039,-0.7234,8.951326,-0.001982399,-1.9724582,-1
963,964,1565431773312,-0.9291,0.19849999,-0.57629997,8.644601,-0.11043973,-1.7601596000000002,-1
964,965,1565431773322,-1.3140999,-0.0667,-0.0932,8.166248,-0.1583525,-1.1928008999999997,-1
965,966,1565431773333,-1.7081,-0.0568,0.47649997,7.8331385,-0.09210015,-0.7858056999999999,-1
966,967,1565431773343,-2.2301,-0.0426,0.831,7.124128999999999,0.05007712,-0.79537296,-1
967,968,1565431773353,-2.7633,0.0084,0.63269997,6.751486,0.18251479,-1.1095018,-1
968,969,1565431773363,-3.1899,0.1195,0.050699997999999996,6.4541260000000005,0.30397743,-1.6652822,-1
969,970,1565431773373,-3.4705,0.2529,-0.96019995,6.117942,0.54605997,-2.978655,-1
970,971,1565431773383,-3.6834,0.3285,-1.8101,5.910211599999999,0.59835887,-3.7759051,-1
971,972,1565431773393,-3.8077,0.3622,-2.2361999,5.8403296,0.6569307,-3.828587,-1
972,973,1565431773403,-3.9313,0.3615,-2.0786,5.606033,0.6490489,-3.436867,-1
973,974,1565431773413,-4.2209997,0.30429998,-1.4963,5.2707295,0.5426123,-2.8436793999999996,-1
974,975,1565431773423,-4.697,0.14109999,-0.8055,4.6505165,0.35959953,-2.1493132,-1
975,976,1565431773433,-5.1637,0.010799999,-0.33359998,4.3255563,0.30380505,-1.8752153000000003,-1
976,977,1565431773444,-5.5329,-0.063,-0.011299999,3.9909332,0.32744062,-1.6590095,-1
977,978,1565431773453,-5.7556996,-0.0475,0.0149,3.8706772000000003,0.26973078,-1.7783267,-1
978,979,1565431773463,-5.8426,-0.115899995,-0.1793,3.853889,0.1604115,-1.9558616999999998,-1
979,980,1565431773473,-5.7531,-0.1698,-0.1963,3.9526355000000004,0.051513645999999996,-1.8919843,-1
980,981,1565431773483,-5.5357,-0.2193,0.0647,4.289557,-0.06225882,-1.5832376,-1
981,982,1565431773493,-5.1804,-0.2461,0.2401,4.598984,-0.12672988,-1.5317624,-1
982,983,1565431773504,-4.7657,-0.26229998,0.2701,5.045071,-0.21214543,-1.4923921,-1
983,984,1565431773514,-4.4672,-0.2977,0.3636,5.239615000000001,-0.37282512,-1.5382458,-1
984,985,1565431773524,-4.2845,-0.47169998,0.139,5.488707499999999,-0.7060022,-1.9544827,-1
985,986,1565431773534,-3.9824998,-0.6271,-0.2986,5.812652,-0.88582593,-2.3658063,-1
986,987,1565431773544,-3.3358,-0.65639997,-0.6087,6.9346614,-0.9862483,-2.6464837,-1
987,988,1565431773555,-2.2466,-0.5712,-0.715,8.469671,-0.99886096,-2.6817164,-1
988,989,1565431773565,-0.8524,-0.44169998,-0.69769996,9.613217,-0.8889191999999999,-2.5675898,-1
989,990,1565431773575,0.4935,-0.2313,-0.4786,10.897831,-0.9524613000000001,-2.2559798,-1
990,991,1565431773585,1.4670999,-0.1998,-0.1768,11.524422999999999,-1.0610814,-1.9279932,-1
991,992,1565431773595,2.1859,-0.2021,0.1695,12.07258,-1.2351112,-2.0473394,-1
992,993,1565431773605,2.6002998,-0.2778,-0.059299998,12.422852,-1.4532804,-2.3010770000000003,-1
993,994,1565431773616,3.0734,-0.42549998,-0.32209998,13.038727,-1.6647458,-2.537892,-1
994,995,1565431773626,3.6165998,-0.498,-0.5529999999999999,13.499332999999998,-1.8682914000000002,-2.8640779999999997,-1
995,996,1565431773636,4.249,-0.6446,-0.94769996,14.249282999999998,-1.988509,-3.214436,-1
996,997,1565431773646,4.8627996,-0.5945,-1.1896,14.61776,-2.0124798,-3.4542203000000002,-1
997,998,1565431773656,5.2419,-0.5604,-1.4570999,14.827243,-2.0947063000000004,-3.5500839,-1
998,999,1565431773666,5.3608,-0.50879997,-1.4051,14.576925,-1.9466583999999998,-3.142859,-1
999,1000,1565431773677,5.1249,-0.3715,-1.0297999,14.12103,-1.9350034,-2.6749747000000004,-1
1000,1001,1565431773687,4.4929,-0.3583,-0.42459998,13.099855,-1.8618366000000002,-1.9440439999999999,-1
1001,1002,1565431773698,2.7986,-0.17459999,0.39659998,12.101253,-1.7716613999999997,-1.7508606,-1
1002,1003,1565431773708,2.1102,-0.1485,0.3143,11.562769,-1.7810563000000001,-1.7941189999999998,-1
1003,1004,1565431773719,1.5885999,-0.0984,0.1504,10.962638,-1.7580527,-1.9614066000000003,-1
1004,1005,1565431773729,1.3324,-0.1416,-0.0246,10.786338,-1.7983425,-2.1028657,-1
1005,1006,1565431773739,1.341,-0.122999996,-0.0645,10.775439,-1.8252628,-2.1585646,-1
1006,1007,1565431773749,1.5065998999999999,0.0126,-0.015899998999999998,10.961497999999999,-1.6828845000000001,-2.0545793000000003,-1
1007,1008,1565431773760,1.584,0.0742,-0.050899997,11.023153,-1.6043067,-2.0508444,-1
1008,1009,1565431773770,1.3859999,0.26369998,0.006,10.84331,-1.4371628,-1.9988616000000001,-1
1009,1010,1565431773780,0.8824,0.2954,-0.052699998,10.217198,-1.4268197,-2.0274005,-1
1010,1011,1565431773790,0.20099999,0.1409,-0.0609,9.441055,-1.5041908000000002,-1.9989188999999998,-1
1011,1012,1565431773800,-0.31329998,0.15869999,0.023899998999999998,9.042296,-1.5010495000000001,-1.9201593000000001,-1
1012,1013,1565431773810,-0.6597,0.1378,0.15349999,8.691767,-1.453223,-1.8206946,-1
1013,1014,1565431773820,-0.83809996,0.19929999,0.2367,8.662317,-1.4099263000000002,-1.722293,-1
1014,1015,1565431773830,-0.7707,0.2076,0.4068,8.706495,-1.407398,-1.5855553,-1
1015,1016,1565431773841,-0.68329996,0.2606,0.4272,8.854362,-1.3238404,-1.5829216,-1
1016,1017,1565431773850,-0.48799998,0.32729998,0.3755,8.992726,-1.2777089,-1.6165841,-1
1017,1018,1565431773860,-0.42999998,0.2683,0.1854,9.048378,-1.3581348999999998,-1.8515607,-1
1018,1019,1565431773870,-0.48029998,0.1704,0.0026999997999999996,9.008223,-1.4337723999999998,-1.978214,-1
1019,1020,1565431773880,-0.5008,0.131,0.0771,8.982384,-1.4920951999999998,-1.8617696,-1
1020,1021,1565431773890,-0.4813,0.032199997,0.0769,9.033975,-1.5696195,-1.9467828,-1
1021,1022,1565431773901,-0.39319998,0.0307,-0.1478,9.113127,-1.5891178999999998,-2.1633816,-1
1022,1023,1565431773911,-0.2656,0.0495,-0.2057,9.283661,-1.5182878999999998,-2.1536896,-1
1023,1024,1565431773921,-0.1086,0.11639999599999999,-0.145,9.398429,-1.4896148,-2.1242507,-1
1024,1025,1565431773931,-0.0211,0.1525,-0.1165,9.461905,-1.4442303,-2.1058345000000003,-1
1025,1026,1565431773942,-0.060999997,0.21759999,0.19659999,9.419546,-1.3613143,-1.7354611,s
1026,1027,1565431773952,-0.1598,0.1855,0.11699999999999999,9.253053999999999,-1.4197041000000001,-1.985885,-1
1027,1028,1565431773962,-0.2787,0.1352,-0.1525,9.210828999999999,-1.4649066000000002,-2.2053185,-1
1028,1029,1565431773972,-0.2208,0.0782,-0.4233,9.333546,-1.5245988000000001,-2.3828628,-1
1029,1030,1565431773982,-0.0646,0.033,-0.4005,9.586795,-1.5836208,-2.2226236,-1
1030,1031,1565431773993,0.1801,0.027099999,-0.17019999,9.736672,-1.5853063,-2.0404441,-1
1031,1032,1565431774002,0.2678,-0.0197,0.060599997999999995,9.777824,-1.6396738000000002,-1.867688,-1
1032,1033,1565431774012,0.2769,-0.049599998,0.2536,9.7306,-1.632089,-1.6545657999999999,-1
1033,1034,1565431774022,0.2076,-0.023599999,0.3024,9.642935000000001,-1.5789951,-1.9023848,-1
1034,1035,1565431774032,0.1078,0.037299998,-0.0625,9.506685000000001,-1.5436856,-2.062777,-1
1035,1036,1565431774042,-0.118599996,0.0824,-0.1034,9.252345,-1.4811106,-1.9485831999999998,-1
1036,1037,1565431774052,-0.29639998,0.12539999,-0.0166,9.175222,-1.4635468,-1.9600946,-1
1037,1038,1565431774063,-0.3371,0.0725,-0.0109,9.166641,-1.483773,-1.9565511999999998,-1
1038,1039,1565431774073,-0.2215,0.13,0.13699999999999998,9.299529,-1.4165916,-1.7479012999999999,-1
1039,1040,1565431774083,-0.1156,0.19899999999999998,0.2934,9.465945,-1.3676829,-1.5801636000000001,-1
1040,1041,1565431774093,-0.0295,0.22829999,0.31239998,9.464011,-1.3256121,-1.6711816000000002,-1
1041,1042,1565431774103,-0.0512,0.26569998,0.16589999,9.40317,-1.2946215,-1.8854243999999998,-1
1042,1043,1565431774114,-0.102,0.2807,-0.123399995,9.398707,-1.3282744,-2.1693667999999997,-1
1043,1044,1565431774124,-0.083799995,0.2543,-0.4091,9.479764999999999,-1.2440176,-2.344881,-1
1044,1045,1565431774134,-0.0552,0.31469998,-0.3477,9.3490505,-1.2567452,-2.0875237,-1
1045,1046,1565431774144,-0.1639,0.2661,-0.1484,9.286016,-1.3718872,-1.9288933999999998,-1
1046,1047,1565431774154,-0.2438,0.1584,0.0973,9.262851,-1.3571388999999998,-1.4448911,-1
1047,1048,1565431774164,-0.2741,0.19929999,0.5309,9.234455,-1.3460873,-1.2189264,-1
1048,1049,1565431774174,-0.30359998,0.19409999,0.66209996,9.197000000000001,-1.368564,-1.2956941000000002,s
1049,1050,1565431774184,-0.34309998,0.1136,0.6234,9.145286,-1.4143794,-1.2883391000000002,-1
1050,1051,1565431774194,-0.4017,0.027099999,0.7211,9.090765,-1.5405156999999998,-1.1930306999999998,-1
1051,1052,1565431774204,-0.39119998,-0.0655,0.6617,9.174745,-1.6388215,-1.3045143,-1
1052,1053,1565431774214,-0.2626,-0.0968,0.5333,9.386956,-1.6067296,-1.3945553999999998,-1
1053,1054,1565431774224,-0.0945,-0.0673,0.5322,9.494810000000001,-1.6398749,-1.4558853999999999,-1
1054,1055,1565431774234,-0.0049,-0.1265,0.4037,9.646927999999999,-1.6686915,-1.6598616999999998,-1
1055,1056,1565431774244,0.1821,-0.0991,0.20539999,9.799372,-1.6190357,-1.7231166,-1
1056,1057,1565431774254,0.3199,-0.035099998,0.2719,9.876828999999999,-1.6070169,-1.4996226000000001,-1
1057,1058,1565431774264,0.3592,-0.044000000000000004,0.5758,9.8682575,-1.5755763,-1.2028853000000002,-1
1058,1059,1565431774274,0.34899998,0.0018,0.802,9.762683,-1.4864833,-0.94002104,-1
1059,1060,1565431774284,0.221,0.0841,0.9805,9.654897,-1.5056847,-0.94531703,-1
1060,1061,1565431774294,0.0933,0.0287,0.9359,9.658565,-1.4828344999999998,-0.93774176,-1
1061,1062,1565431774304,0.19219999,0.0735,0.9827,9.864177999999999,-1.4367222,-0.9575753,-1
1062,1063,1565431774315,0.5378,0.1236,0.9835,10.211404,-1.398185,-0.9507471,-1
1063,1064,1565431774325,0.9526,0.1583,0.9745,10.685677,-1.398051,-0.9323978999999999,-1
1064,1065,1565431774335,1.3576,0.184,0.96419996,11.091983,-1.4226346,-1.0223719999999998,-1
1065,1066,1565431774346,1.6345999,0.13939999,0.91359997,11.257785,-1.4399208000000001,-1.0984405000000002,-1
1066,1067,1565431774356,1.8331,0.12109999,0.8066,11.436833,-1.5245606000000003,-1.2864236999999998,-1
1067,1068,1565431774366,1.9911,0.0106,0.68659997,11.610509,-1.6434950000000002,-1.3013731000000002,-1
1068,1069,1565431774376,2.2179,-0.14400000000000002,0.75699997,11.981409,-1.7616535,-1.0985459,-1
1069,1070,1565431774386,2.5627,-0.2043,0.9008,12.501563,-1.7340053,-1.2557683000000002,-1
1070,1071,1565431774397,3.0154998,-0.21,0.7637,12.800944,-1.7289583999999998,-1.4964718000000001,-1
1071,1072,1565431774407,3.3504998999999995,-0.2014,0.4827,12.986044999999999,-1.7607342000000001,-1.9433831000000001,-1
1072,1073,1565431774417,3.4993,-0.2782,0.1282,12.995756,-1.7748983,-2.2970547999999997,-1
1073,1074,1565431774428,3.5205,-0.3231,-0.25149998,13.064116,-1.7323103,-2.7709918,-1
1074,1075,1565431774438,3.6989,-0.3078,-0.87939996,13.218492999999999,-1.5878538,-3.1133432,-1
1075,1076,1565431774448,3.8256997999999998,-0.122999996,-0.98319995,13.303985999999998,-1.4123204,-3.1812525000000003,-1
1076,1077,1565431774458,3.5979,0.0495,-1.1676999,13.005476,-1.1231966,-3.4462616,-1
1077,1078,1565431774468,3.2117,0.0916,-1.5708,12.703596000000001,-1.0373884,-3.8342183,-1
1078,1079,1565431774479,2.7073,0.1025,-1.8763,12.098073,-0.8861228000000001,-4.196853599999999,-1
1079,1080,1565431774489,2.1541997999999998,0.036599997,-1.9458,11.647036,-0.89569,-4.269072,-1
1080,1081,1565431774499,1.5814999,-0.0341,-1.9110999,10.950839,-0.862583,-4.239317400000001,-1
1081,1082,1565431774509,0.9695,-0.1266,-1.7833999,10.473061999999999,-0.8426440999999999,-4.1514306,-1
1082,1083,1565431774519,0.5338,-0.15959999,-1.8780999,9.989021000000001,-0.7381131999999999,-4.316305000000001,-1
1083,1084,1565431774529,0.2744,-0.1197,-2.1462,9.779002,-0.6064513000000001,-4.5316877,-1
1084,1085,1565431774540,-0.0334,-0.0079,-2.4081,9.414452,-0.3846716,-4.816808,-1
1085,1086,1565431774550,-0.4777,0.0268,-2.4549,9.0427475,-0.25444618,-4.841938,-1
1086,1087,1565431774560,-1.0679,0.0523,-2.5214999,8.319564,-0.117019005,-4.934804,-1
1087,1088,1565431774570,-1.6775,0.0101,-2.6306,7.849514500000001,-0.075790845,-5.018343,-1
1088,1089,1565431774580,-2.1601,0.0001,-2.7851,7.2981110000000005,0.08951441,-5.1798267,-1
1089,1090,1565431774591,-2.5456,0.0716,-2.7619,6.8688784,0.22883779999999998,-4.871109,-1
1090,1091,1565431774601,-2.8227,0.0265,-2.1703,6.6603723,0.26687688,-4.3046985,-1
1091,1092,1565431774611,-3.0614,-0.0064,-1.5568,6.340095,0.33922964,-3.5999506,-1
1092,1093,1565431774621,-3.3802,-0.0187,-1.111,6.0369606,0.40480202,-3.3308036,-1
1093,1094,1565431774631,-3.9067,-0.108399995,-1.0395,5.3901334,0.41677305,-3.3417788,-1
1094,1095,1565431774642,-4.5023,-0.1673,-1.2883999,4.900289,0.41602606,-3.5900767,-1
1095,1096,1565431774652,-5.0492,-0.2617,-1.6695,4.3858323,0.4013448,-3.8253980000000003,-1
1096,1097,1565431774662,-5.3995,-0.3496,-1.6495,4.013343,0.35042492,-3.5219474,-1
1097,1098,1565431774672,-5.651,-0.4885,-1.3038,3.8717592000000005,0.31938649999999996,-3.1127305,-1
1098,1099,1565431774682,-5.7648997,-0.65779996,-0.7316,3.8087535000000003,0.21777658,-2.5551782000000003,-1
1099,1100,1565431774692,-5.7127,-0.73929995,0.0349,3.8909225,0.19594146,-1.5115266,-1
1100,1101,1565431774703,-5.6218,-0.7718,0.92789996,3.995329,0.21724027,-0.33704615,-1
1101,1102,1565431774713,-5.5903,-0.78319997,1.7823,3.9731487999999997,0.24734977,0.24411279999999996,-1
1102,1103,1565431774723,-5.746299700000001,-0.85279995,2.2217,3.7976922999999996,0.10544065,0.8891778,-1
1103,1104,1565431774733,-5.8742,-1.0,2.8048,3.7460157999999995,-0.010524911000000001,1.3477535,-1
1104,1105,1565431774744,-5.8859997,-1.0457,3.2861998,3.8628912000000004,-0.008197746,2.0853112,-1
1105,1106,1565431774754,-5.6249,-1.0069,3.7935998,4.6086754999999995,0.14387238,2.750296,-1
1106,1107,1565431774765,-4.8753,-0.77349997,4.2683,5.425357,0.42392695,3.1102884,-1
1107,1108,1565431774775,-3.8421998,-0.40309998,4.6359997,6.7599425,0.6025151999999999,3.4012606,-1
1108,1109,1565431774785,-2.7106,-0.22309999,4.6864,7.6699977,0.68539286,3.2836477999999993,-1
1109,1110,1565431774795,-1.5972998999999999,-0.0321,4.3938,8.836348,0.7085688,2.9975405,-1
1110,1111,1565431774805,-0.7364,0.0262,4.1739,9.40429,0.57685894,3.0378685,-1
1111,1112,1565431774815,-0.11669999,-0.1046,4.2422,10.003674,0.42290223,3.2098105,-1
1112,1113,1565431774826,0.35999998,-0.105,4.4441,10.392913,0.32445264,3.3838785000000002,-1
1113,1114,1565431774836,0.8509,-0.1434,4.505,11.036628,0.3496970999999999,2.8194117999999997,-1
1114,1115,1565431774846,1.4036,-0.033299997000000005,3.935,11.425408000000001,0.43018058,2.1627686,-1
1115,1116,1565431774856,1.8704,0.108899996,3.2482998,11.751422,0.41148666,1.4204607,-1
1116,1117,1565431774867,2.0551,0.1068,2.6209,11.911412,0.34204522,0.39414307,-1
1117,1118,1565431774877,2.2027,0.0994,1.8642,12.080577,0.38995799999999997,-0.28746700000000003,-1
1118,1119,1565431774887,2.4405,0.1775,0.9673,12.287216,0.34956303,-1.6629262999999999,-1
1119,1120,1565431774897,2.6115,0.1856,-0.0023999998999999998,12.43602,0.29694805,-2.4452844,-1
1120,1121,1565431774908,2.8233,0.1425,-0.8809999999999999,12.598424000000001,0.20324856,-3.3735068,-1
1121,1122,1565431774918,3.0235,0.0045,-2.0937997999999998,12.654552,0.07236235,-4.124204,-1
1122,1123,1565431774928,3.02,0.0894,-2.4162998,12.627489,0.14869907,-4.423642,-1
1123,1124,1565431774938,2.6324,0.1709,-2.4754999,12.335952,0.2354458,-4.570282499999999,-1
1124,1125,1565431774948,1.9388,0.1915,-2.2907999,11.523178,0.2538237,-4.416124,-1
1125,1126,1565431774958,1.1551,0.16589999,-2.1654,10.571185,0.2552698,-4.358788,-1
1126,1127,1565431774969,0.3885,0.12979999,-2.307,9.9583845,0.2292496,-4.5258265,-1
1127,1128,1565431774979,-0.2435,0.098799996,-2.6669,9.238353,0.1865562,-4.956763700000001,-1
1128,1129,1565431774989,-0.6035,-0.0711,-2.9982998,8.954085000000001,0.047788265999999996,-5.241817500000001,-1
1129,1130,1565431774999,-0.6326,-0.1541,-3.2317,8.962444999999999,-0.09791327,-5.517524,-1
1130,1131,1565431775009,-0.5062,-0.1828,-3.1381,9.05695,-0.111014344,-5.388611,-1
1131,1132,1565431775019,-0.52849996,-0.19119999,-2.9923,8.976676,-0.11513237,-5.2102237,-1
1132,1133,1565431775030,-0.52849996,-0.19119999,-2.9923,8.757769999999999,-0.14861289,-5.2866178,-1
1133,1134,1565431775040,-1.1951,-0.1697,-3.2489,8.2357,-0.11597513,-5.39496,-1
1134,1135,1565431775050,-1.7326,-0.14479999,-3.0979,7.8491507,-0.087876774,-5.2561827,-1
1135,1136,1565431775060,-2.1006,-0.1601,-2.5721,7.4567122,-0.08888235,-4.633355,-1
1136,1137,1565431775070,-2.2252,-0.0782,-2.1037,7.351176299999999,0.012497733,-4.071378,-1
1137,1138,1565431775080,-2.2525,-0.061699998,-1.7665,7.342815400000001,0.047759537000000005,-3.764815,-1
1138,1139,1565431775091,-2.2525,-0.061699998,-1.7665,7.276046000000001,0.12150095,-3.4029555,-1
1139,1140,1565431775101,-2.5749,0.0257,-1.0988,7.003777499999999,0.11564952,-3.0166461,-1
1140,1141,1565431775111,-2.7136998,-0.057,-0.7619,6.882477799999999,-0.042061336,-2.4666884,-1
1141,1142,1565431775121,-2.6864,-0.0809,-0.2042,6.9576554,-0.08937076,-1.9470509999999999,-1
1142,1143,1565431775131,-2.5317,-0.122899994,0.2224,7.173066599999999,-0.17948851,-1.3539115,-1
1143,1144,1565431775142,-2.3186998,-0.1545,0.6825,7.4053807,-0.22576365,-0.93662125,-1
1144,1145,1565431775152,-2.0565,-0.2261,1.3147,7.71815,-0.40487868,-0.014326903,-1
1145,1146,1565431775162,-1.7545998999999999,-0.2905,1.9736999,8.16871,-0.44354979999999994,0.6630981,-1
1146,1147,1565431775172,-1.3931999,-0.1839,2.2561998,8.438364,-0.4355436,0.81173015,-1
1147,1148,1565431775183,-1.0898,-0.0969,2.1348,8.744486,-0.4005308,0.6001976,-1
1148,1149,1565431775193,-0.8832,-0.0143,1.8780999,8.920058000000001,-0.3918063,0.5121581000000001,-1
1149,1150,1565431775203,-0.7238,0.022699999,1.6976,9.0460415,-0.45264778,0.49076346,-1
1150,1151,1565431775214,-0.6906,-0.0162,1.8182,8.973811999999999,-0.5434838000000001,1.1543883,-1
1151,1152,1565431775224,-0.76379997,-0.022799998999999998,2.3992999,8.9107685,-0.6416364999999999,1.7197360000000002,-1
1152,1153,1565431775235,-0.9043,-0.1129,3.0398998,8.744449000000001,-0.7861026,2.457064,-1
1153,1154,1565431775245,-1.0139999,-0.1859,3.6225,8.702655,-0.7692474,2.9274383,-1
1154,1155,1565431775255,-1.0241,-0.1602,4.1383,8.664904,-0.8152065,3.2728642999999997,-1
1155,1156,1565431775265,-1.1309999,-0.1996,4.6134,8.571568,-0.9482284,3.9400132000000005,-1
1156,1157,1565431775275,-1.217,-0.24419999,5.2032,8.577055999999999,-1.0081505,4.499385,-1
1157,1158,1565431775286,-1.1255,-0.2713,5.5116,8.718677,-1.1059871000000001,4.533929,-1
1158,1159,1565431775296,-0.8562,-0.2704,5.42,9.195765,-1.0773143,3.9891326,-1
1159,1160,1565431775306,-0.4482,-0.1753,4.8431,9.510507,-1.0504704,3.3094954,-1
1160,1161,1565431775316,-0.038399998,-0.12539999,3.7752,9.8935795,-1.1834252,1.6211044,-1
1161,1162,1565431775327,0.2356,-0.19299999,2.3846,10.230711,-1.3183433,0.35255098,-1
1162,1163,1565431775337,0.5313,-0.2144,1.4111999,10.449378,-1.4090165000000001,-0.052519206,-1
1163,1164,1565431775347,0.80969995,-0.25,1.0364,10.674767999999998,-1.4890593,-0.25763527,-1
1164,1165,1565431775357,1.0899,-0.3315,0.93179995,10.889558000000001,-1.6987818,-0.17741033,-1
1165,1166,1565431775367,1.2437,-0.4504,1.1596,10.9783535,-1.7921845,-0.14825855,-1
1166,1167,1565431775378,1.4047999,-0.5633,0.84709996,11.023613000000001,-1.8614823,-0.4940196,-1
1167,1168,1565431775388,1.4047999,-0.5633,0.84709996,10.970107,-1.9995701000000001,-1.3000802,-1
1168,1169,1565431775398,1.2988,-0.6591,-0.5309,10.896461500000001,-2.0745373,-2.3801908,-1
1169,1170,1565431775408,1.3528999,-0.7051,-1.2573999,10.918,-2.118677,-2.9396582,-1
1170,1171,1565431775418,1.3528999,-0.7051,-1.2573999,10.879779,-2.0705917,-3.1324394,-1
1171,1172,1565431775428,1.4382,-0.40359998,-1.5609,10.978517,-1.8606011999999998,-3.3443742,-1
1172,1173,1565431775439,1.5656999,-0.17379999,-1.8713,11.1283455,-1.6582625,-3.796907,-1
1173,1174,1565431775449,1.6709,-0.015999998999999997,-2.2921999,11.203053,-1.5183452,-4.1351504,-1
1174,1175,1565431775459,1.6369999999999998,0.2233,-2.7461998,11.134445,-1.2630851,-4.6849165,-1
1175,1176,1565431775469,1.3664,0.3067,-3.1125,10.885832,-1.2144061000000002,-4.986375,-1
1176,1177,1565431775479,1.0749,0.4016,-3.1841998,10.520822,-1.1099902,-5.007377,-1
1177,1178,1565431775490,0.7334,0.44149998,-2.8053,10.253485000000001,-1.0680053999999999,-4.7103333,-1
1178,1179,1565431775500,0.5387,0.5175,-2.2296,10.037174,-0.9457479999999999,-4.040761,-1
1179,1180,1565431775510,0.37289998,0.68189996,-1.6078999,9.891855,-0.80153084,-3.5381608,-1
1180,1181,1565431775520,0.0299,0.6026,-1.0102,9.460104,-0.9012733,-2.8733103,-1
1181,1182,1565431775530,-0.2941,0.48839998,-0.5466,9.214813000000001,-0.98296344,-2.4935419999999997,-1
1182,1183,1565431775541,-0.34379998,0.5186,-0.4328,9.183708,-0.95698154,-2.3810717999999995,-1
1183,1184,1565431775551,-0.19699999999999998,0.547,-0.6077,9.364173,-0.9084462999999999,-2.656453,-1
1184,1185,1565431775561,-0.0493,0.5531,-1.0584999,9.508543,-0.9721129000000001,-3.1454256000000003,-1
1185,1186,1565431775571,0.1672,0.4454,-1.7952,9.73652,-1.1244703999999999,-3.8522705999999998,-1
1186,1187,1565431775582,0.3256,0.3949,-1.9296,9.855291000000001,-1.1489774,-3.7870524,-1
1187,1188,1565431775592,0.3866,0.39859998,-1.6257,9.867175999999999,-1.2034407,-3.3516526,-1
1188,1189,1565431775602,0.3001,0.2979,-1.1422,9.761524,-1.2970923,-2.9088017999999995,-1
1189,1190,1565431775612,0.0954,0.21139999,-0.4511,9.48237,-1.390332,-2.1388266,-1
1190,1191,1565431775623,-0.1096,0.17119999,-0.005,9.276775,-1.4708729999999999,-1.901973,-1
1191,1192,1565431775633,-0.27629998,0.0914,-0.0234,9.177137,-1.4913483,-1.9868139999999999,-1
1192,1193,1565431775643,-0.37399998,0.0923,-0.1006,9.141063,-1.4652610000000001,-2.1241646,-1
1193,1194,1565431775653,-0.3829,0.086399995,-0.305,9.1217165,-1.4982818000000002,-2.289489,-1
1194,1195,1565431775663,-0.3328,0.023599999,-0.40289998,9.2459955,-1.5498528,-2.2728732000000003,s
1195,1196,1565431775674,-0.2038,-0.0078,-0.3229,9.36695,-1.5535591999999998,-2.1869788,-1
1196,1197,1565431775684,-0.0744,0.039499998,-0.2026,9.479343,-1.5475546,-2.0908849999999997,-1
1197,1198,1565431775694,0.035,0.0655,-0.14119999,9.537868,-1.5107414,-2.049408,-1
1198,1199,1565431775704,0.0262,0.0788,-0.0506,9.473195,-1.4937521,-1.9173342,-1
1199,1200,1565431775714,-0.0914,0.0591,0.0473,9.353073,-1.5376521,-1.8625644000000001,-1
1200,1201,1565431775724,-0.2003,0.0177,0.1815,9.33345,-1.5434364999999999,-1.6752709,-1
1201,1202,1565431775734,-0.16229999,0.0933,0.2954,9.362363,-1.4361187,-1.5116319999999999,-1
1202,1203,1565431775744,-0.1437,0.1986,0.4687,9.385864,-1.3491614,-1.4649162,-1
1203,1204,1565431775754,-0.155,0.2654,0.3944,9.307803999999999,-1.2443625,-1.6203861000000002,-1
1204,1205,1565431775764,-0.22459999,0.325,0.2712,9.233144,-1.316198,-1.6890998,-1
1205,1206,1565431775775,-0.2744,0.22119999,0.0775,9.341792,-1.4232954,-2.1110634999999998,-1
1206,1207,1565431775785,-0.1081,0.159,-0.2729,9.579067,-1.4080588,-2.2580962,-1
1207,1208,1565431775795,0.1371,0.2251,-0.3177,9.758966000000001,-1.4101561000000002,-1.9645861,-1
1208,1209,1565431775805,0.25509998,0.1608,-0.0158,9.704274,-1.458835,-1.6726755000000002,-1
1209,1210,1565431775815,0.1961,0.13159999,0.36589998,9.630925999999999,-1.4413095,-1.2636882999999999,-1
1210,1211,1565431775825,0.0876,0.18769999,0.6495,9.508122,-1.3962218000000002,-1.2384727,-1
1211,1212,1565431775836,-0.0802,0.22299999,0.6465,9.272006,-1.3684778,-1.3377172,-1
1212,1213,1565431775846,-0.24849999,0.2208,0.4931,9.203081,-1.3750571000000003,-1.7183758999999998,-1
1213,1214,1565431775856,-0.2992,0.2026,-0.0163,9.29092,-1.4218972,-1.9709643000000001,-1
1214,1215,1565431775866,-0.1726,0.1589,-0.1236,9.432311,-1.4849603999999998,-2.0108613999999996,-1
1215,1216,1565431775876,0.0042,0.097799994,-0.2165,9.655509,-1.587394,-1.8813925,-1
1216,1217,1565431775887,0.1815,0.0164,0.095199995,9.73494,-1.5510213,-1.2887222,-1
1217,1218,1565431775897,0.2312,0.0692,0.5660000000000001,9.661341,-1.5960994,-1.0737803,s
1218,1219,1565431775907,0.113299996,-0.0098,0.7912,9.437742,-1.5780758,-1.0031992,-1
1219,1220,1565431775917,-0.0739,0.035499997,0.8481,9.283947999999999,-1.5535591999999998,-1.1588032,-1
1220,1221,1565431775928,-0.2519,0.0613,0.61829996,9.193639,-1.580336,-1.5479088,-1
1221,1222,1565431775938,-0.322,0.0199,0.289,9.240163,-1.532653,-1.6622176,-1
1222,1223,1565431775948,-0.254,0.06,0.1963,9.315484,-1.6112499,-1.5482537,-1
1223,1224,1565431775958,-0.195,-0.045199998,0.32259998,9.438191999999999,-1.7347811000000002,-1.4352568,-1
1224,1225,1565431775968,0.13069999,-0.0694,0.5157,9.635005,-1.6896456000000002,-1.3290501000000001,-1
1225,1226,1565431775978,0.1908,-0.0208,0.44399998,9.697972,-1.6261417999999999,-1.3882347,-1
1226,1227,1565431775989,0.2105,0.092599995,0.46769997,9.7193,-1.5196763999999998,-1.3862618999999998,-1
1227,1228,1565431775999,0.2105,0.092599995,0.46769997,9.687294,-1.4222708,-1.3326988000000002,-1
1228,1229,1565431776009,0.0624,0.2749,0.5334,9.576251,-1.3271347,-1.3289351,-1
1229,1230,1565431776019,0.033,0.3266,0.6085,9.552883999999999,-1.2648568,-1.2971306,-1
1230,1231,1565431776029,0.033,0.3266,0.6085,9.590233999999999,-1.2741271,-1.4375361,-1
1231,1232,1565431776040,0.1322,0.289,0.28759998,9.693031,-1.317376,-1.5826343999999999,-1
1232,1233,1565431776050,0.3301,0.18159999,0.3353,9.835888,-1.4018146999999999,-1.5508872,-1
1233,1234,1565431776060,0.68619996,0.166,0.4456,10.274238,-1.4154328,-1.4812448,-1
1234,1235,1565431776070,1.1208999,0.2109,0.2511,10.615239,-1.3859746000000002,-1.6657706,-1
1235,1236,1565431776080,1.5451,0.196,-0.024899999,11.127175999999999,-1.3774416,-1.9553733,-1
1236,1237,1565431776090,1.9492999,0.2173,-0.1136,11.577736999999999,-1.3804008999999997,-2.0556137999999997,-1
1237,1238,1565431776101,2.2842,0.1748,-0.0645,11.832728,-1.4501966,-1.9741055,-1
1238,1239,1565431776111,2.5888,0.0681,0.1513,12.163235,-1.5166597,-1.7790067999999999,-1
1239,1240,1565431776121,2.7744,-0.0243,0.26729998,12.270629,-1.6309398000000002,-1.6598424999999999,-1
1240,1241,1565431776131,2.7431997999999997,-0.2593,0.46019998,12.231106,-1.8182813000000002,-1.4984926,-1
1241,1242,1565431776141,2.7707999,-0.3807,0.5972,12.275972,-1.9276963,-1.3844518999999997,-1
1242,1243,1565431776151,3.0242999,-0.41669998,0.3649,12.651038,-1.8639148,-1.7490313999999998,-1
1243,1244,1565431776162,3.3662998999999996,-0.2793,-0.0605,12.921938,-1.7077936999999999,-2.1288955,-1
1244,1245,1565431776172,3.5319,-0.15779999,-0.5398,13.039857000000001,-1.5310441000000001,-2.696168,-1
1245,1246,1565431776182,3.5407,-0.066199996,-0.88549995,13.002957,-1.438197,-3.0530286,-1
1246,1247,1565431776192,3.4219999999999997,0.071899995,-1.2538999,12.878077000000001,-1.1565813999999999,-3.437547,-1
1247,1248,1565431776202,3.2452,0.23609999,-1.4567,12.68245,-0.9985162000000001,-3.6271101999999997,-1
1248,1249,1565431776212,2.9119,0.2795,-1.3691,12.240664,-0.8506311,-3.4255855000000004,-1
1249,1250,1565431776223,2.4810998,0.3303,-1.0421,11.645598,-0.6591045,-3.06567,-1
1250,1251,1565431776233,1.9132999,0.3333,-0.6662,11.157162,-0.6412726,-2.874632,-1
1251,1252,1565431776243,1.3361,0.264,-0.49949998,10.517038000000001,-0.54272723,-2.8771887,-1
1252,1253,1565431776253,0.8969,0.264,-0.6303,10.251617,-0.4587865,-3.1495724,-1
1253,1254,1565431776264,0.615,0.2871,-1.0307,9.9676075,-0.31486624,-3.7423862999999997,-1
1254,1255,1565431776274,0.3233,0.2546,-1.4569,9.7175665,-0.30583534,-4.048623600000001,-1
1255,1256,1565431776284,0.1007,0.20369999,-1.6997,9.426623,-0.20478085,-4.1814540000000004,-1
1256,1257,1565431776294,-0.21859999,0.16219999,-1.6183,8.989231,-0.17139612,-3.8637245000000005,-1
1257,1258,1565431776304,-0.556,0.109799996,-1.2707,8.782516000000001,-0.12340673,-3.700823,-1
1258,1259,1565431776314,-0.80509996,0.087,-1.0349,8.567995,-0.047462653,-3.561806,-1
1259,1260,1565431776324,-1.1130999,0.056199998,-0.9608,8.154689999999999,0.070992865,-3.5787473,-1
1260,1261,1565431776334,-1.4309,0.0469,-1.0674,7.752061,0.19020496,-4.07587,-1
1261,1262,1565431776344,-1.7985,0.0679,-1.5726999,7.3376149999999996,0.28980374,-4.646283599999999,-1
1262,1263,1565431776355,-2.3337,0.0495,-2.2415,6.719729400000001,0.37783378,-5.167635400000001,-1
1263,1264,1565431776364,-2.8193998,0.049599998,-2.5203,6.39792,0.48282427,-5.133561,-1
1264,1265,1565431776374,-3.2062,0.079799995,-2.4071999,5.9283019999999995,0.6549195,-4.818684999999999,-1
1265,1266,1565431776384,-3.5834,0.1328,-2.1018,5.605736,0.7025545999999999,-4.5326260000000005,-1
1266,1267,1565431776394,-3.9908997999999998,0.1033,-1.7916,5.102676,0.72964734,-4.2971992,-1
1267,1268,1565431776405,-4.4196,0.0142,-1.6251,4.7807135999999995,0.6372503,-4.11434,-1
1268,1269,1565431776414,-4.7528,-0.20009999,-1.3294,4.6039352,0.39247668,-3.5361497,-1
1269,1270,1565431776425,-4.8139997,-0.4504,-0.8642,4.71403,0.3647997,-3.1293173,-1
1270,1271,1565431776435,-4.6324,-0.4615,-0.375,4.9453096,0.52684885,-2.7776475,-1
1271,1272,1565431776445,-4.4732,-0.38239998,-0.23619999,4.975610700000001,0.5178371,-2.8227541,-1
1272,1273,1565431776456,-4.5442,-0.42659998,-0.4484,4.879326,0.40756974,-3.1574445,-1
1273,1274,1565431776466,-4.5634,-0.5362,-0.81259996,5.0179496,0.40361452,-3.4624943999999998,-1
1274,1275,1565431776476,-4.3602,-0.5351,-1.248,5.3985224,0.4876893,-3.8094337,-1
1275,1276,1565431776486,-4.0201,-0.4711,-1.5078,5.76631,0.44734222,-3.53252,-1
1276,1277,1565431776496,-3.7382,-0.5141,-1.2565,5.8662634,0.45315534,-2.8962467,-1
1277,1278,1565431776506,-3.6513,-0.51919997,-0.502,5.823254,0.36434004,-1.8733479,-1
1278,1279,1565431776517,-3.7013,-0.5931,0.3023,5.774824,0.319013,-1.232401,-1
1279,1280,1565431776527,-3.7910000000000004,-0.6638,1.0653,5.7713766,0.29667032,-0.19527109,-1
1280,1281,1565431776537,-3.6704998,-0.65999997,2.7079,5.8485847,0.29235120000000003,0.56327903,-1
1281,1282,1565431776547,-3.6704998,-0.65999997,2.7079,6.0066690000000005,0.27540025,1.1418618,-1
1282,1283,1565431776558,-3.1661,-0.6502,3.8165,6.491811,0.23374112,2.08353,-1
1283,1284,1565431776568,-2.8521,-0.6193,4.1829,6.7638783,0.19057846,2.4004648,-1
1284,1285,1565431776578,-2.4699,-0.68509996,4.2228,7.272598299999999,0.06578309,2.5111917999999998,-1
1285,1286,1565431776588,-1.8316,-0.5754,4.157099700000001,7.831682700000001,0.08315541,2.5373557,-1
1286,1287,1565431776599,-1.1315,-0.4218,4.1826,8.655384,0.11697111,2.6757982000000005,-1
1287,1288,1565431776609,-0.69189996,-0.4761,4.3739,8.999191,-0.0037062243,2.8536490000000003,-1
1288,1289,1565431776619,-0.4344,-0.5178,4.7613997,9.304663,-0.14717636,3.439855,-1
1289,1290,1565431776629,-0.3488,-0.51669997,5.3788,9.339714,-0.20016484,3.8852531999999997,-1
1290,1291,1565431776639,-0.4858,-0.7173,5.8155,9.150984,-0.5528691,4.3541620000000005,-1
1291,1292,1565431776649,-0.64089996,-1.0392,5.9733996,9.058117,-0.8453639000000001,4.436351,-1
1292,1293,1565431776660,-0.4511,-1.0749999,6.0508,9.29386,-0.95480764,4.5230017,-1
1293,1294,1565431776670,-0.1906,-1.0764999,6.2263,9.49982,-1.0068097,4.6295724,-1
1294,1295,1565431776680,0.1305,-1.0143,6.0660996,9.870192999999999,-1.0334524,4.3340125,-1
1295,1296,1565431776690,0.5905,-0.96739995,5.5669,10.473474000000001,-1.0732823999999999,3.5529377,-1
1296,1297,1565431776700,1.0921,-0.91889995,4.624399700000001,10.794584,-1.0459023,2.6969151,-1
1297,1298,1565431776711,1.3907,-0.7837,3.6725998,11.034971,-0.99567187,1.4243777,-1
1298,1299,1565431776721,1.3589,-0.6823,2.6527998,10.963614,-1.0293822,0.5022460999999999,-1
1299,1300,1565431776731,1.1233,-0.89199996,1.6781,10.643317999999999,-1.3469204,-0.55394167,-1
1300,1301,1565431776741,0.9686,-0.96169996,1.4850999,10.552951,-1.4207767,-0.5537501,-1
1301,1302,1565431776751,1.0718,-0.94799995,1.9086,10.673399,-1.4275285,-0.09925403,-1
1302,1303,1565431776764,1.265,-0.9184,2.3538,10.898195,-1.3878517,-0.040414125,-1
1303,1304,1565431776773,1.4298999,-0.74549997,2.142,10.965779,-1.2811948,-0.66505176,-1
1304,1305,1565431776783,1.4396,-0.5767,1.1084,10.799075,-1.1477516,-2.2990751,-1
1305,1306,1565431776793,1.2949,-0.43289998,-0.2434,10.699008000000001,-1.0429335,-3.580404,-1
1306,1307,1565431776803,1.2313,-0.26569998,-1.6880000000000002,10.570075,-0.87025404,-5.2994986,-1
1307,1308,1565431776813,1.1502,-0.1252,-2.9134998,10.404646000000001,-0.82870984,-6.1849127,-1
1308,1309,1565431776823,0.8732,-0.0144,-3.4938,9.943024000000001,-0.61512786,-6.647539599999999,-1
1309,1310,1565431776834,0.47869998,0.2342,-3.6645,9.59167,-0.39144242,-6.9025025,-1
1310,1311,1565431776844,0.0524,0.4075,-3.9629998,9.0582905,-0.260786,-7.4348197,-1
1311,1312,1565431776854,-0.3777,0.5092,-4.2654,8.520599,-0.053658847,-7.628396,-1
1312,1313,1565431776864,-0.7718,0.7001,-4.3342,8.195267,0.056780885999999996,-7.822058,-1
1313,1314,1565431776875,-1.1415,0.7489,-4.6061997,7.895674700000001,0.019785683999999998,-8.272024,-1
1314,1315,1565431776885,-1.2627,0.7273,-4.8883,8.062628,0.097702585,-8.450393,-1
1315,1316,1565431776895,-0.93829995,0.91249996,-5.0209,8.466348,0.31177294,-8.606944,-1
1316,1317,1565431776905,-0.6084,1.0581,-5.1672997,8.650442,0.3074538,-8.843347999999999,-1
1317,1318,1565431776916,-0.4386,1.0228,-5.5783,8.769366999999999,0.13678554,-9.504837,-1
1318,1319,1565431776926,-0.3588,0.91069996,-6.1320996,8.777632,-0.052404284,-10.047219,-1
1319,1320,1565431776936,-0.3687,0.81549996,-6.5815,8.729192999999999,-0.24522372,-10.006537,-1
1320,1321,1565431776946,-0.45859998,0.6259,-6.4845,8.636277999999999,-0.4206804,-9.654983,-1
1321,1322,1565431776956,-0.5708,0.3904,-5.9813,8.39658,-0.66063684,-8.900474,-1
1322,1323,1565431776967,-0.8242,0.20879999,-5.3501,8.123967,-0.99037594,-8.054573,-1
1323,1324,1565431776977,-1.2329999,-0.2348,-4.1446,7.978648700000001,-1.1778036,-7.5506225,-1
1324,1325,1565431776987,-1.2329999,-0.2348,-4.1446,7.843615,-1.2138028,-7.3981595,-1
1325,1326,1565431776997,-1.3876,-0.28509998,-4.0801997000000005,7.7459607,-1.4205469,-7.139806299999999,-1
1326,1327,1565431777007,-1.4763,-0.4869,-3.8304,7.8394785,-1.6625146,-6.4771776,-1
1327,1328,1565431777017,-1.4081,-0.6344,-3.3291,8.048501,-1.7677157,-6.1544585,-1
1328,1329,1565431777027,-1.1532999,-0.7184,-3.0167,8.470877,-1.8702353999999999,-5.879355,-1
1329,1330,1565431777037,-0.8154,-0.7744,-2.8820999,8.787514999999999,-1.895298,-5.7217493,-1
1330,1331,1565431777048,-0.4306,-0.76839995,-2.7796,9.323807,-1.9213468999999996,-5.584188,-1
1331,1332,1565431777058,0.31829998,-0.7190000000000001,-2.5031,9.709369,-1.8532174,-5.1181617,-1
1332,1333,1565431777069,0.31829998,-0.7190000000000001,-2.5031,9.593585000000001,-1.8126883999999999,-4.539713,-1
1333,1334,1565431777079,-0.2376,-0.90129995,-0.8082,9.048741,-2.1381946,-3.1549354,-1
1334,1335,1565431777089,-0.7319,-1.12,0.49339998,8.690482000000001,-2.2633731,-2.0207062,-1
1335,1336,1565431777099,-0.8831,-1.2272999,1.4955,8.596554,-2.387517,-0.7821857,-1
1336,1337,1565431777109,-0.68149996,-1.2166,2.0571,8.790369,-2.3474479,-0.28397146,-1
1337,1338,1565431777120,-0.1953,-1.0401,2.4538,9.402078,-2.1475703999999998,0.36090198,-1
1338,1339,1565431777130,0.21339999,-0.8675,2.7677999,9.721714,-2.0234834999999998,0.6533298000000001,-1
1339,1340,1565431777143,0.33859998,-0.722,2.8532,9.871762,-1.9071061999999999,0.93346095,-1
1340,1341,1565431777153,0.3281,-0.6351,2.9977999,9.909017,-1.8122288,1.1492168,-1
1341,1342,1565431777163,0.32899999999999996,-0.5584,3.017,9.907896000000001,-1.7353939999999999,1.2705646000000002,-1
1342,1343,1565431777174,0.3216,-0.46519998,2.9805,9.915289,-1.6560118000000001,1.3707857,-1
1343,1344,1565431777184,0.3356,-0.3967,3.05,9.961957,-1.6231251,1.5413008999999998,-1
1344,1345,1565431777194,0.38189998,-0.3046,3.2338998,9.955033,-1.4673774,2.0518787,-1
1345,1346,1565431777204,0.32299998,-0.2288,3.5249998999999996,9.845044,-1.4882646000000002,2.2259278,-1
1346,1347,1565431777214,0.15869999,-0.2749,3.6966,9.781711999999999,-1.4948436999999999,2.5313609,-1
1347,1348,1565431777225,0.1533,-0.2541,3.9115998999999997,9.93383,-1.3907726,2.6363513,-1
1348,1349,1565431777235,0.3357,-0.1452,3.9601998,10.06396,-1.1938447,2.4183257,-1
1349,1350,1565431777245,0.4402,0.0429,3.6883998,10.084349000000001,-1.0506524,2.2078562,-1
1350,1351,1565431777255,0.4172,0.24159999,3.405,9.913155,-0.86989963,2.0336733000000002,-1
1351,1352,1565431777265,0.1785,0.33409998,3.2681,9.721233999999999,-0.8518474,1.8107252,-1
1352,1353,1565431777275,-0.108799994,0.3217,2.8558998,9.416184,-0.91629934,1.1728907,-1
1353,1354,1565431777286,-0.2582,0.2847,2.2969999999999997,9.529536,-1.0096158000000002,0.44183558,-1
1354,1355,1565431777296,-0.1317,0.1944,1.6732999,9.887917999999999,-0.9765565999999999,-0.20244412,-1
1355,1356,1565431777306,0.31919998,0.25439999,0.88729995,10.273577000000001,-0.90445274,-0.6785838000000001,-1
1356,1357,1565431777316,0.7901,0.37219998,0.37919998,10.638606,-0.83420694,-1.0251876,-1
1357,1358,1565431777327,0.9866,0.3857,0.1621,10.53014,-0.81333905,-0.9385079,-1
1358,1359,1565431777337,0.8689,0.40989998,0.3051,10.185748,-0.86326295,-0.5516814999999999,-1
1359,1360,1565431777347,0.46649998,0.3279,0.8056,9.83562,-0.9843042,-0.084975004,-1
1360,1361,1565431777357,0.005,0.1743,1.3368,9.424967,-1.0675842,0.40277177,-1
1361,1362,1565431777367,-0.27989998,0.1112,1.6783999,9.381019,-1.0068097,0.31081527,-1
1362,1363,1565431777378,-0.2312,0.2005,1.0759999999999998,9.432801,-0.9589448,-0.10637917,-1
1363,1364,1565431777388,-0.2312,0.2005,1.0759999999999998,9.554742,-0.9588299000000001,-0.8641056999999999,-1
1364,1365,1565431777398,-0.0448,0.2496,-0.188,9.654504,-0.90229803,-1.5685468999999999,-1
1365,1366,1565431777408,0.1021,0.29549998,-0.6364,9.759484,-0.8941769,-1.8935453999999998,-1
1366,1367,1565431777418,0.1021,0.29549998,-0.6364,9.83268,-0.86164445,-1.8151784,-1
1367,1368,1565431777429,-0.0365,0.3484,0.1241,9.631921,-0.8483519,-1.1180538,-1
1368,1369,1565431777439,-0.3023,0.23629999,0.738,9.298045,-0.97977436,-0.43061155,-1
1369,1370,1565431777449,-0.6074,0.191,0.9016,9.062235000000001,-0.9927796999999998,-0.33450827,-1
1370,1371,1565431777459,-0.8142,0.1477,0.7716,8.811648,-1.0390834999999998,-0.5230852,s
1371,1372,1565431777469,-0.85349995,0.0602,0.34849998,8.811103,-1.1196148000000001,-0.886774,-1
1372,1373,1565431777480,-0.5782,0.0674,-0.21169999,9.166928,-1.1061404,-1.5415881999999999,-1
1373,1374,1565431777490,-0.1453,0.1087,-0.3002,9.520955,-1.0880306999999998,-1.5316186,-1
1374,1375,1565431777500,0.1901,0.1311,-0.0023999998999999998,9.890389,-1.0852916000000001,-1.2270378999999998,-1
1375,1376,1565431777510,0.2996,0.052199997000000005,0.0011,9.988800999999999,-1.2014582,-1.2813193999999999,-1
1376,1377,1565431777521,0.3497,-0.0404,-0.0053,9.999585,-1.2563142,-1.2412212,-1
1377,1378,1565431777530,0.24239999,0.0,0.1156,9.903396,-1.2248927,-1.1272858000000001,-1
1378,1379,1565431777540,-0.0224,-0.0506,0.2733,9.580627999999999,-1.299295,-0.9406722,-1
1379,1380,1565431777550,-0.3469,-0.1612,0.3475,9.229811,-1.3690141000000002,-0.8558888000000001,-1
1380,1381,1565431777560,-0.54399997,-0.1722,0.3505,9.099442,-1.3805829,-0.9060041999999999,-1
1381,1382,1565431777570,-0.6429,-0.1591,0.1445,9.022961,-1.386827,-1.075351,-1
1382,1383,1565431777581,-0.4472,-0.121199995,-0.2005,9.273538,-1.3505691999999998,-1.465941,-1
1383,1384,1565431777591,-0.14289999,-0.1004,-0.3865,9.660852,-1.3335416000000002,-1.5641798,-1
1384,1385,1565431777601,0.1617,-0.159,-0.36159998,9.882699,-1.4170897,-1.5806712,-1
1385,1386,1565431777611,0.37809998,-0.0657,-0.24409999,10.075375,-1.2783505,-1.3322966,-1
1386,1387,1565431777621,0.38799998,0.0206,0.1025,10.002697,-1.2333204,-0.9759437,-1
1387,1388,1565431777632,0.1223,0.0504,0.44759998,9.629364,-1.1752274,-0.62302876,-1
1388,1389,1565431777642,-0.2619,0.1251,0.6918,9.306722,-1.0376375,-0.48974833,-1
1389,1390,1565431777652,-0.6561,0.24949999,0.7086,8.887966,-0.95888734,-0.6173496999999999,-1
1390,1391,1565431777662,-0.86399996,0.26119998,0.3577,8.813813,-0.9380004000000001,-0.9188563,-1
1391,1392,1565431777672,-0.72779995,0.37989998,-0.015,9.052353,-0.8644984,-1.2490934,-1
1392,1393,1565431777682,-0.3649,0.32029998,-0.2592,9.542561,-0.9575753,-1.4240807,s
1393,1394,1565431777693,0.07719999599999999,0.2443,-0.12719999,9.826225,-0.95438623,-1.1115032,-1
1394,1395,1565431777703,0.2259,0.30359998,0.4046,9.847389,-0.98337525,-0.4311574000000001,-1
1395,1396,1565431777713,0.0703,0.23969999,0.9009,9.6152,-1.0153235,-0.14196658,-1
1396,1397,1565431777723,-0.2429,0.2096,1.1704999,9.200228,-1.0114832,0.091640465,-1
1397,1398,1565431777734,-0.6156,0.22649999,1.2518,8.975,-1.0403574,0.04238695,-1
1398,1399,1565431777744,-0.76269996,0.1671,1.0655,8.952772,-1.0724875,-0.26738447,-1
1399,1400,1565431777754,-0.6742,0.15339999,0.82589996,9.065597,-1.0676894,-0.3864433,-1
1400,1401,1565431777764,-0.4281,0.14639999,0.75159997,9.428931,-1.155729,-0.49482402,-1
1401,1402,1565431777774,-0.0832,0.0652,0.6586,9.712989,-1.2060743999999999,-0.44772527,-1
1402,1403,1565431777784,0.23259999,0.1223,0.8527,9.980516,-1.1802647,0.017812861,-1
1403,1404,1565431777795,0.29389998,0.0885,1.3469,9.809284,-1.293884,0.5044582999999999,-1
1404,1405,1565431777805,0.09999999400000001,-0.0089,1.7457999,9.583146000000001,-1.384902,0.8080718000000001,-1
1405,1406,1565431777815,-0.1628,-0.1003,2.0572,9.378749000000001,-1.4969506000000001,1.0816525,-1
1406,1407,1565431777825,-0.2886,-0.18239999,2.2804,9.377102,-1.5438675,1.1226412000000001,-1
1407,1408,1565431777835,-0.2474,-0.2531,2.2581,9.589103999999999,-1.6345406999999998,0.99908125,-1
1408,1409,1565431777847,-0.0098,-0.27179998,2.1757,9.981351,-1.6426904999999998,0.83735764,-1
1409,1410,1565431777857,0.3364,-0.2667,2.0269,10.193457,-1.6342725,0.77947545,-1
1410,1411,1565431777867,0.6132,-0.24749999,1.9550999,10.395853,-1.5980147,0.58938545,-1
1411,1412,1565431777877,0.7532,-0.2093,1.7998999,10.401819999999999,-1.6568162,0.42247126,-1
1412,1413,1565431777888,0.8771,-0.22219999,1.3999,10.511484,-1.6164693,0.14697525,-1
1413,1414,1565431777898,0.99859995,-0.15439999,1.4297,10.633291,-1.5476024,0.15394717,-1
1414,1415,1565431777908,1.1006,-0.16759999,1.5601,10.731646000000001,-1.5532335,0.24768496,-1
1415,1416,1565431777918,1.35,-0.1423,1.5353999,11.0589905,-1.4920665000000002,0.17989074,-1
1416,1417,1565431777928,1.35,-0.1423,1.5353999,11.177225,-1.4635946000000002,0.08319372,-1
1417,1418,1565431777938,1.9959999,0.0055,0.9267,11.704647999999999,-1.3665433,-0.6365416,-1
1418,1419,1565431777949,2.4315,0.029399997999999997,0.4296,12.044473,-1.3490847,-1.0378195,-1
1419,1420,1565431777959,2.8866,-0.0174,0.040599998,12.563573,-1.4122629,-1.489701,-1
1420,1421,1565431777969,3.2531,-0.088999994,-0.1305,12.857773,-1.4391738,-1.6739205000000001,-1
1421,1422,1565431777979,3.3934998999999997,-0.19759999,-0.1232,12.974926,-1.565693,-1.7140952,-1
1422,1423,1565431777989,3.2879998999999995,-0.4035,-0.1335,12.887538000000001,-1.7126298999999998,-1.7438886000000002,-1
1423,1424,1565431777999,3.1230998,-0.52889997,-0.36839998,12.707646,-1.7788248,-2.1031337000000003,-1
1424,1425,1565431778009,3.0265,-0.5129,-0.8283,12.615116,-1.7341491000000002,-2.5205292999999998,-1
1425,1426,1565431778020,2.8801,-0.37449998,-1.3988,12.437389,-1.5041908000000002,-3.263182,-1
1426,1427,1565431778030,2.8801,-0.37449998,-1.3988,12.445559,-1.3833122,-3.6091154000000003,-1
1427,1428,1565431778040,2.7528,-0.0848,-2.0916997999999998,12.275694,-1.088452,-3.8973388999999994,-1
1428,1429,1565431778050,2.4671,0.033999998,-2.0407,11.973067,-0.9326948,-3.8991968999999997,-1
1429,1430,1565431778060,2.1613,0.0371,-1.8937998999999999,11.682967,-0.8942822,-3.7000568,-1
1430,1431,1565431778070,1.8650999,0.07200000000000001,-1.5419999,11.373560000000001,-0.72285736,-3.255233,-1
1431,1432,1565431778081,1.5590000000000002,0.1591,-1.025,11.080672,-0.55350107,-2.8716054,-1
1432,1433,1565431778091,1.0561,0.23199999999999998,-0.75979996,10.482801,-0.40770382,-2.7221882,-1
1433,1434,1565431778101,0.52279997,0.15529999,-0.8763,10.018834,-0.3788489,-2.862019,-1
1434,1435,1565431778111,-0.1085,0.1281,-0.93899995,9.290183,-0.32727779999999995,-2.9684652999999996,-1
1435,1436,1565431778121,-0.69049996,0.025999999,-1.2991999,8.8294325,-0.33418268,-3.3332745999999998,-1
1436,1437,1565431778132,-1.0179,-0.021399999,-1.8043,8.604837,-0.3042743,-3.7618465,-1
1437,1438,1565431778142,-1.12,0.0245,-1.8339,8.493124,-0.14973336,-3.7089152000000003,-1
1438,1439,1565431778152,-1.1722,0.1424,-1.4906,8.402203,0.09396763,-3.358586,-1
1439,1440,1565431778163,-1.3513,0.2518,-1.3532,8.104737,0.2975897,-3.369245,-1
1440,1441,1565431778173,-1.6674999,0.3026,-1.4833,7.7351484,0.42556459999999996,-3.3904195,-1
1441,1442,1565431778183,-2.1996,0.2952,-1.4304,7.0337334,0.41272208,-3.073925,-1
1442,1443,1565431778193,-2.7902,0.19209999,-0.99689996,6.649042999999999,0.39149028,-2.5937726000000003,-1
1443,1444,1565431778203,-3.1845999,0.14379999,-0.36879998,6.295793,0.44540772,-1.8803102999999999,-1
1444,1445,1565431778214,-3.3829,0.1028,0.12969999,6.2325573,0.425804,-1.6021040000000002,-1
1445,1446,1565431778224,-3.4150998999999995,0.0901,0.174,6.2426705,0.4906294,-1.7522012999999999,-1
1446,1447,1565431778234,-3.359,0.1329,-0.0667,6.189079,0.63632137,-2.1104314,-1
1447,1448,1565431778244,-3.5082998,0.1987,-0.3733,5.931635,0.6418663,-2.2206892999999996,-1
1448,1449,1565431778254,-3.9217,0.07,-0.54969996,5.386389,0.45853752,-2.2861369,-1
1449,1450,1565431778264,-4.3445,-0.1353,-0.55759996,5.149707299999999,0.38750634,-2.2071667,-1
1450,1451,1565431778275,-4.6096997,-0.2481,-0.3554,4.9798627,0.25850675,-1.7938892,-1
1451,1452,1565431778285,-4.6983,-0.3549,0.0448,5.004619,0.19414102,-1.2832153999999998,-1
1452,1453,1565431778295,-4.6305,-0.43379998,0.7090000000000001,5.0117054,0.086717986,-0.60344416,-1
1453,1454,1565431778305,-4.6523,-0.5931,1.1235,4.895453,-0.03964798,-0.4555304,-1
1454,1455,1565431778316,-4.901,-0.7058,1.2385,4.410464299999999,-0.18601032,-0.4876606,-1
1455,1456,1565431778326,-5.2778997,-0.85029995,1.1456,4.188493299999999,-0.26047954,-0.5611626000000001,-1
1456,1457,1565431778336,-5.5766,-0.93719995,0.9755,3.9469945,-0.36310464,-0.5716492,-1
1457,1458,1565431778346,-5.7278,-0.9456,1.0372,3.9337404,-0.3660447,-0.4821635,-1
1458,1459,1565431778356,-5.7216,-0.96239996,1.1056,4.0075392999999995,-0.4977641,-0.40481162,-1
1459,1460,1565431778367,-5.6466,-1.0366,1.1582999,4.187765,-0.5736220000000001,-0.3039487,-1
1460,1461,1565431778377,-5.325999700000001,-1.0511,1.3234999,4.831748,-0.5581267,-0.29859525,-1
1461,1462,1565431778387,-4.7397,-0.9493,1.2203,5.5439563,-0.42460686,-0.8993386999999999,-1
1462,1463,1565431778397,-4.1429,-0.7547,0.6885,5.71925,-0.30145872,-1.2517459999999998,-1
1463,1464,1565431778407,-3.9761,-0.5611,0.2803,5.457152,-0.3593697,-1.3205937,-1
1464,1465,1565431778418,-4.2292,-0.5657,0.3017,5.2011156,-0.42363003,-1.0038984,-1
1465,1466,1565431778428,-4.5199,-0.55829996,0.732,4.9726996,-0.53054553,-0.5426123,-1
1466,1467,1565431778438,-4.7018,-0.5907,1.1355,4.9320846,-0.62245417,-0.264837,-1
1467,1468,1565431778448,-4.7067,-0.6278,1.469,5.4389176,-0.8137795999999999,-0.24730188,-1
1468,1469,1565431778458,-3.1162999,-0.3655,1.2307999,6.226179,-0.6560879,-0.44169189999999997,-1
1469,1470,1565431778469,-1.7856,-0.1073,0.84059995,7.868084,-0.51026183,-0.9223709999999999,-1
1470,1471,1565431778479,-0.4834,0.14029999,0.35279998,9.3794,-0.41583455,-1.5161331,-1
1471,1472,1565431778489,0.61439997,0.17469999,-0.2575,10.252968,-0.52672434,-2.0194614,-1
1472,1473,1565431778499,1.5673,-0.020399999,-0.8383,11.343584,-0.9144414000000001,-2.7089627,-1
1473,1474,1565431778510,2.3367,-0.0769,-1.2935,12.22328,-1.1295269,-3.1596184,-1
1474,1475,1565431778520,3.1181,-0.1558,-1.3771,12.859324,-1.2928785,-3.0984416,-1
1475,1476,1565431778530,3.8611998999999995,-0.0349,-0.9443,13.429288,-1.2658623,-2.7466092,-1
1476,1477,1565431778540,4.3686,0.070599996,-0.5387,13.957804000000001,-1.3034128999999999,-2.3559902000000004,-1
1477,1478,1565431778550,4.4428997,-0.1818,-0.4987,13.913559,-1.6791493999999998,-2.33088,-1
1478,1479,1565431778561,4.3689,-0.3181,-0.4789,13.865847,-1.8129374,-2.3276906000000004,-1
1479,1480,1565431778571,4.303999999999999,-0.38299999999999995,-0.4405,13.804498,-1.9857221999999999,-2.3651936,-1
1480,1481,1565431778581,4.3452,-0.4531,-0.5656,13.8517685,-2.0420146,-2.4533098,-1
1481,1482,1565431778591,4.4533,-0.2825,-0.4235,13.960619,-1.8812296000000002,-2.2406662,-1
1482,1483,1565431778601,4.4125,-0.2154,-0.2962,13.865924,-1.9151698,-2.1914034,-1
1483,1484,1565431778612,4.2527,-0.1938,-0.21069999,13.619426,-1.9007566999999999,-2.0071453999999997,-1
1484,1485,1565431778622,3.9450998,-0.12969999,-0.0547,13.328636,-1.8927602,-1.9269685,-1
1485,1486,1565431778632,3.5976998999999994,-0.0911,-0.1126,12.949059,-1.8546827000000001,-2.1320175999999997,-1
1486,1487,1565431778642,3.3181,0.03,-0.3753,12.687267,-1.7823203,-2.3099353,-1
1487,1488,1565431778652,2.8906,0.0857,-0.5671,12.142032,-1.7564917000000002,-2.532692,-1
1488,1489,1565431778662,2.3932,0.0937,-0.6301,11.613822,-1.7572578,-2.5601008,-1
1489,1490,1565431778673,1.9435999,0.14459999,-0.6538,11.217457000000001,-1.7006206999999998,-2.626602,-1
1490,1491,1565431778683,1.4717,0.1401,-0.69449997,10.671867,-1.6610683000000002,-2.455005,-1
1491,1492,1565431778693,1.0473,0.2192,-0.3656,10.377409,-1.5826726,-2.1364514999999997,-1
1492,1493,1565431778703,0.69119996,0.2668,-0.0367,9.9409075,-1.5068148000000001,-1.7254148999999999,-1
1493,1494,1565431778713,0.33449998,0.31329998,0.2607,9.657913,-1.4621103000000002,-1.5845497,-1
1494,1495,1565431778724,-0.0325,0.36049998,0.2995,9.253503,-1.441999,-1.6569216,-1
1495,1496,1565431778734,-0.3308,0.3024,0.110599995,9.0149555,-1.5621976,-1.9044150000000002,-1
1496,1497,1565431778744,-0.46179998,0.2095,-0.0495,9.082624000000001,-1.5784397,-1.8941773999999998,-1
1497,1498,1565431778754,-0.3461,0.2102,0.0079,9.345191,-1.5878441,-1.7723701,-1
1498,1499,1565431778764,-0.0726,0.17459999,0.077599995,9.54549,-1.689071,-1.73141,-1
1499,1500,1565431778775,0.1326,0.108899996,0.1302,9.695186,-1.6915513999999998,-1.6342533000000001,-1
1500,1501,1565431778785,0.2395,0.0975,0.21509999,9.625303,-1.6951043999999997,-1.5266005,-1
1501,1502,1565431778795,0.081,0.08,0.3418,9.347586,-1.7046523999999998,-1.5921537000000001,-1
1502,1503,1565431778805,-0.20619999,0.0766,0.2021,9.086571000000001,-1.6968952000000002,-1.7315631999999999,-1
1503,1504,1565431778815,-0.46469998,0.0412,0.042,8.894536,-1.6540582,-1.7061273000000001,-1
1504,1505,1565431778826,-0.6045,0.085999995,0.1602,8.87588,-1.6433418000000002,-1.525001,-1
1505,1506,1565431778836,-0.6053,0.0962,0.4102,8.950273,-1.6660483,-1.193452,-1
1506,1507,1565431778846,-0.4966,0.0635,0.7116,9.039289,-1.7083203999999999,-0.9912953000000001,-1
1507,1508,1565431778856,-0.3867,0.0176,0.90559995,9.2359495,-1.7191613999999997,-1.0860290000000001,s
1508,1509,1565431778866,-0.1783,0.015899998999999998,0.5869,9.543431,-1.7568077000000002,-2.0722294,-1
1509,1510,1565431778876,0.058399998,-0.0039,-0.2189,9.703,-1.6959567,-2.3033368999999997,-1
1510,1511,1565431778887,0.265,0.0618,-0.49679998,9.758134,-1.6604842,-2.442239,-1
1511,1512,1565431778897,0.27449998,0.102199994,-0.6071,9.635772,-1.6770330000000002,-2.435947,-1
1512,1513,1565431778907,0.11639999599999999,0.0971,-0.5498,9.331861,-1.6516639,-2.0367759999999997,-1
1513,1514,1565431778917,-0.1496,0.0975,-0.19469999,9.229839,-1.7202147,-1.8058602,-1
1514,1515,1565431778928,-0.26819998,-0.0106,0.1042,9.278967999999999,-1.6505338999999999,-1.3449763000000001,-1
1515,1516,1565431778938,-0.1206,0.0471,0.5681,9.327321000000001,-1.6752898999999997,-1.2624817,-1
1516,1517,1565431778948,-0.051799998,0.0365,0.44239998,9.441792999999999,-1.6899904,-1.4213705,-1
1517,1518,1565431778959,0.1144,0.1158,0.0866,9.622996,-1.582031,-1.8727828000000002,-1
1518,1519,1565431778969,0.24039999,0.2235,-0.3033,9.723312,-1.5029937,-2.1614375,-1
1519,1520,1565431778979,0.19929999,0.31849998,-0.3791,9.654752,-1.39898,-2.1832342000000002,-1
1520,1521,1565431778989,-0.0382,0.2825,-0.2572,9.457107,-1.4271836000000002,-2.0996096,-1
1521,1522,1565431778999,-0.20719999,0.21509999,0.0528,9.272886,-1.5075331,-1.6416658,-1
1522,1523,1565431779010,-0.2775,0.1771,0.4741,9.217687,-1.5211226,-1.3606919,-1
1523,1524,1565431779020,-0.2688,0.17109999,0.60109997,9.210158999999999,-1.5250393999999998,-1.2163598999999998,-1
1524,1525,1565431779030,-0.2688,0.17109999,0.60109997,9.182616000000001,-1.5263227,-1.28515,-1
1525,1526,1565431779040,-0.20179999,0.1094,0.1933,9.361175999999999,-1.555331,-1.6584348999999998,-1
1526,1527,1565431779050,0.0039999996999999995,0.20989999,0.121999994,9.558793,-1.4629914,-1.7610598000000002,-1
1527,1528,1565431779060,0.0628,0.20109999,0.022799998999999998,9.557432,-1.4931774,-1.8152646000000001,-1
1528,1529,1565431779071,-0.015899998999999998,0.1602,-0.046,9.443642,-1.5231624,-1.8718443999999999,-1
1529,1530,1565431779081,-0.1338,0.11669999,0.0058999998,9.332129,-1.5716497999999999,-1.7754154999999998,-1
1530,1531,1565431779091,-0.2412,0.053,0.1601,9.261415,-1.6361017,-1.6423936999999997,s
1531,1532,1565431779101,-0.20089999,0.0492,0.3159,9.297882000000001,-1.6307578,-1.5310346000000001,-1
1532,1533,1565431779112,-0.1311,0.0176,0.3928,9.371614,-1.6373371,-1.4274708999999999,-1
1533,1534,1565431779123,-0.0905,0.0268,0.45909998,9.441372,-1.6418287,-1.3773843000000001,-1
1534,1535,1565431779133,-0.010799999,0.0561,0.4164,9.523962,-1.6006771,-1.5408508,-1
1535,1536,1565431779143,0.0879,0.11409999400000001,0.14639999,9.564003,-1.5860341999999998,-1.8422233000000001,-1
1536,1537,1565431779153,0.0488,0.052699998,-0.027099999,9.528731,-1.6333053,-1.9074893,-1
1537,1538,1565431779163,-0.0594,0.0191,-0.0157,9.430531,-1.6834206999999999,-1.7572005000000002,-1
1538,1539,1565431779173,-0.0207,-0.053999998,0.23079999,9.536028,-1.6844549,-1.5113828999999999,-1
1539,1540,1565431779184,0.1654,0.030199998999999998,0.5377,9.702521,-1.5753368,-1.1679778,-1
1540,1541,1565431779194,0.2342,0.066199996,0.7468,9.687926,-1.59586,-1.0680916,-1
1541,1542,1565431779204,0.175,0.013599999,0.7583,9.656064,-1.6488676,-1.1615613,-1
1542,1543,1565431779215,0.1648,0.039899997,0.6509,9.71658,-1.5623794,-1.282957,-1
1543,1544,1565431779225,0.3213,0.1265,0.59139997,9.888771,-1.4455997999999999,-1.3692057,-1
1544,1545,1565431779235,0.41889998,0.2243,0.46179998,10.040668499999999,-1.4810914,-1.6505053,-1
1545,1546,1565431779246,0.5851,0.1858,0.115399994,10.287742,-1.4919707,-2.0053353,-1
1546,1547,1565431779256,0.94759995,0.1775,-0.2014,10.799306,-1.3661985,-2.2464218,-1
1547,1548,1565431779266,1.3888999,0.2852,-0.3775,10.968633,-1.4677701,-2.2114380000000002,-1
1548,1549,1565431779276,1.4763,0.17199999,-0.3284,10.967723,-1.4963473,-1.8285284,-1
1549,1550,1565431779286,1.4749999,0.1008,0.14649999,11.070549,-1.6022477,-1.2819226000000001,-1
1550,1551,1565431779297,1.5620999,0.005699999599999999,0.61579996,11.306761,-1.6656175,-0.9868229,-1
1551,1552,1565431779307,1.8744999,-0.0802,0.93719995,11.716925999999999,-1.7502573000000001,-0.93443775,-1
1552,1553,1565431779317,2.2159,-0.1642,0.9701,11.9954195,-1.7886313999999999,-1.069059,-1
1553,1554,1565431779327,2.6225998,-0.35639998,0.47469997,12.125136999999999,-1.9149208,-1.4189188,-1
1554,1555,1565431779337,2.7465,-0.48709998,-0.0524,12.20974,-2.0190592,-1.8507946,-1
1555,1556,1565431779348,2.968,-0.532,-0.46199998,12.487898,-2.0649607,-2.3397193,-1
1556,1557,1565431779358,3.3265998,-0.5045,-0.96639997,12.945947,-1.9817668999999998,-2.9887395,-1
1557,1558,1565431779368,3.7328,-0.3892,-1.7742,13.259319,-1.8657823,-3.6467617,-1
1558,1559,1565431779378,3.9118998,-0.2715,-2.2540998,13.468782999999998,-1.6535985,-4.1198273,-1
1559,1560,1565431779388,3.7958,-0.1749,-2.1364,13.339007,-1.5231431999999998,-4.013496,-1
1560,1561,1565431779399,3.2961,-0.1096,-1.5417999,12.71753,-1.2947938,-3.3055114999999997,-1
1561,1562,1565431779409,2.6485999,0.036399997999999996,-0.9259,12.203629,-1.1157363999999999,-2.8425686000000003,-1
1562,1563,1565431779419,1.9322,0.192,-0.3118,11.373416,-0.7627831,-2.149294,-1
1563,1564,1565431779429,1.3633,0.42369998,-0.0845,10.943608,-0.49179775,-2.0227077,-1
1564,1565,1565431779439,0.8436,0.5706,-0.22829999,10.304549,-0.16388789,-2.241988,-1
1565,1566,1565431779451,0.4612,0.6762,-0.5683,9.958864,0.10125558,-2.7227723999999998,-1
1566,1567,1565431779461,0.2552,0.7132,-1.0655999,9.840571,0.152367,-3.0855896,-1
1567,1568,1565431779471,0.2453,0.68729997,-1.54,9.889844,0.23570438,-3.6525176,-1
1568,1569,1565431779481,0.226,0.6732,-1.8616999,9.844861,0.28675833,-3.7058699999999996,-1
1569,1570,1565431779491,0.0212,0.5281,-1.4965,9.4910755,0.22719058,-3.0767696,-1
1570,1571,1565431779502,-0.4174,0.38509998,-0.7168,8.950972,0.17852126,-2.0275824,-1
1571,1572,1565431779512,-0.9529,0.2737,0.1616,8.495001,0.25335443,-1.3550799,-1
1572,1573,1565431779522,-1.5755,0.2382,0.6861,7.929164999999999,0.27333164,-1.0348314,-1
1573,1574,1565431779532,-2.2361999,0.1548,0.83669996,7.2939734,0.33756329999999996,-0.9384888000000001,-1
1574,1575,1565431779542,-2.4542,0.2236,0.7527,7.1553974,0.7645451999999999,-1.0824378000000001,-1
1575,1576,1565431779552,-2.5340000000000003,0.5437,0.45209998,7.046336999999999,1.0711178999999997,-1.3942873,-1
1576,1577,1565431779563,-2.8781998,0.7687,0.177,6.3841867,1.1949077,-1.4265037,-1
1577,1578,1565431779573,-3.5354,0.66139996,0.31309998,5.8417373,1.2105755,-1.1066479999999999,-1
1578,1579,1565431779583,-4.1814,0.5994,0.8846,5.1611709999999995,1.205969,-0.29358658,-1
1579,1580,1565431779593,-4.6505,0.4614,1.6254,4.860172,1.1241256000000002,0.47169605,-1
1580,1581,1565431779603,-4.982599700000001,0.251,2.5049999,4.528393299999999,0.9843329,1.4681628999999998,-1
1581,1582,1565431779614,-5.1884,0.0598,3.2180998,4.3704333,0.7759321,1.8317845000000001,-1
1582,1583,1565431779624,-5.3863,-0.2677,3.2524998,4.288896599999999,0.45702440000000005,1.4652610000000001,-1
1583,1584,1565431779634,-5.3020997,-0.50699997,2.7143998,4.4899325,0.28687325,1.0629585,-1
1584,1585,1565431779644,-5.0229,-0.5931,2.324,4.9326015,0.23724623,0.7159621,-1
1585,1586,1565431779654,-4.6456,-0.6003,2.0865,5.1261773,0.15792154,0.5192162,-1
1586,1587,1565431779664,-4.5316997,-0.7115,1.8601999,5.1499760000000006,0.04801811,0.327115,-1
1587,1588,1565431779675,-4.5726,-0.77379996,1.6083,5.0565443,-0.05862921,0.1857709,-1
1588,1589,1565431779685,-4.6408,-0.77849996,1.6638998999999999,4.945243,-0.047558422999999996,0.37094802,-1
1589,1590,1565431779695,-4.864,-0.75519997,1.9462999,4.4658084,-0.11545798,0.4972661,-1
1590,1591,1565431779705,-5.3016996,-0.8405,2.0,4.11434,-0.18628804,0.57450306,-1
1591,1592,1565431779716,-5.6896,-0.8631,2.187,3.8771796000000003,-0.22594560000000002,0.65218055,-1
1592,1593,1565431779725,-5.7727,-0.8754,2.2345998,3.9854648,-0.298375,0.62531763,-1
1593,1594,1565431779735,-5.5806,-0.8732,2.2784998,4.2717347000000006,-0.29256186,0.65709347,-1
1594,1595,1565431779745,-5.3487,-0.8057,2.3376,4.487845,-0.40064573,0.55130804,-1
1595,1596,1565431779755,-5.0178,-0.8699,2.1655,5.018333,-0.48560157,0.024181437000000004,-1
1596,1597,1565431779766,-4.4797,-0.8217,1.7718999,5.629438400000001,-0.45260948,-0.5366747,-1
1597,1598,1565431779776,-3.6938998999999995,-0.6638,1.0509,6.615533999999999,-0.44030329999999995,-1.5793687,-1
1598,1599,1565431779786,-2.8558998,-0.5394,0.20979999,7.1610570000000004,-0.4239365,-2.5114603,-1
1599,1600,1565431779797,-2.2199,-0.3762,-0.8673,7.595192999999999,-0.47865838,-3.8201787000000005,-1
1600,1601,1565431779807,-1.9720999,-0.3748,-1.7799,7.421757,-0.67695576,-4.233121,-1
1601,1602,1565431779817,-2.133,-0.45769998,-1.9527999,7.250408599999999,-0.85314023,-4.27569,-1
1602,1603,1565431779827,-2.2927,-0.5721,-1.9236,7.3704925,-1.1558057,-4.455638400000001,-1
1603,1604,1565431779837,-2.1288,-0.7341,-1.9911,7.8509899999999995,-1.3158724,-4.9731974999999995,-1
1604,1605,1565431779848,-1.4654,-0.81399995,-2.6285,8.617575,-1.365825,-5.791373,-1
1605,1606,1565431779858,-0.2838,-0.6259,-3.4854,10.211250999999999,-0.9463705,-6.3388214000000005,-1
1606,1607,1565431779868,1.7342,0.035,-3.9387999,11.134905,-0.8291503,-6.6566279999999995,-1
1607,1608,1565431779878,1.7342,0.035,-3.9387999,11.277714999999999,-1.0354635,-6.629027400000001,-1
1608,1609,1565431779888,1.7815,-0.2188,-3.8985999,11.141091000000001,-1.276665,-6.677447999999999,-1
1609,1610,1565431779899,1.7815,-0.2188,-3.8985999,11.034559,-1.4299992,-6.977489500000001,-1
1610,1611,1565431779909,1.8556,-0.4068,-4.2627997,11.194147000000001,-1.6543646,-7.050962400000001,-1
1611,1612,1565431779919,2.4536998,-0.38459998,-4.2914,11.948963000000001,-1.7210288,-7.091855499999999,-1
1612,1613,1565431779929,3.4326,-0.3732,-4.5639,12.756239,-1.7925292000000002,-7.3178964,-1
1613,1614,1565431779939,4.4301,-0.2891,-4.457,13.853357999999998,-1.8007941000000003,-7.115261,-1
1614,1615,1565431779950,4.8691998,-0.2118,-3.9998998999999995,14.1654,-1.8015218999999998,-6.7170570000000005,-1
1615,1616,1565431779959,4.5675,-0.4301,-3.5096,13.743607999999998,-2.141575,-6.0960207,-1
1616,1617,1565431779969,3.8312,-0.7269,-2.9036,13.132321,-2.4110951000000003,-5.5655804,-1
1617,1618,1565431779979,3.1701999,-0.9105,-2.2777,12.409895,-2.666384,-4.800633,-1
1618,1619,1565431779989,2.9085,-0.9852,-1.9777999,12.214308,-2.7518477000000003,-4.5577364000000005,-1
1619,1620,1565431780000,3.0663,-0.8599,-1.8965,12.473867,-2.650314,-4.278467,-1
1620,1621,1565431780011,3.4578998,-0.7132,-1.6193999,12.946799,-2.5525732000000003,-3.9411623,-1
1621,1622,1565431780021,3.8578,-0.6265,-1.39,13.308582000000001,-2.5146685,-3.6639809999999997,-1
1622,1623,1565431780031,3.8578,-0.6265,-1.39,13.605042000000001,-2.4005415,-3.6046525999999997,-1
1623,1624,1565431780041,4.3815,-0.239,-1.6966,13.7126465,-2.2283313,-3.9159946000000003,-1
1624,1625,1565431780051,4.1405,-0.18949999,-1.9311999,13.399782,-2.1928205000000003,-3.926328,-1
1625,1626,1565431780063,3.7410997999999998,-0.11,-1.5488,12.91352,-2.0452037,-3.1143584,-1
1626,1627,1565431780073,3.3694,-0.067499995,-0.81659997,12.666486,-2.015573,-2.4281611,-1
1627,1628,1565431780083,3.0153,-0.1052,0.23809999,12.312374,-2.1125479,-0.90038264,-1
1628,1629,1565431780093,2.8077998,-0.2171,1.5281,12.2729845,-2.1017835,0.11687535,-1
1629,1630,1565431780103,2.8555999,-0.1916,2.3449,12.404378,-1.9733393,0.83261716,-1
1630,1631,1565431780114,2.8931,-0.1652,2.6747,12.373704,-1.9434406000000002,0.97589576,-1
1631,1632,1565431780124,2.7437,-0.2003,2.4789999,12.136391,-1.9726881,0.75884706,-1
1632,1633,1565431780134,2.4566998,-0.24939999,2.2802,11.90081,-1.9704376000000001,0.7327885000000001,-1
1633,1634,1565431780144,2.2191,-0.2942,2.1819,11.727892,-1.8079863,0.7755776999999999,-1
1634,1635,1565431780154,2.0602999,-0.17809999,2.1741,11.550568,-1.6389077,0.928232,-1
1635,1636,1565431780164,1.9117,-0.10789999,2.3058999,11.4284725,-1.5723584,1.4273273000000002,-1
1636,1637,1565431780174,1.7143999,-0.056199998,3.0217,11.259614,-1.4344907,2.1151240000000002,-1
1637,1638,1565431780184,1.459,0.0739,3.6272,10.953022,-1.140569,2.7064437999999997,-1
1638,1639,1565431780194,1.1353999,0.20449999,3.9915998,10.600414,-0.9552961,3.0234075000000002,-1
1639,1640,1565431780204,0.58739996,0.3383,4.205,9.921284,-0.6875477,3.1993525000000003,-1
1640,1641,1565431780214,-0.0079,0.50909996,4.2854,9.434361,-0.4515656,3.2230167,-1
1641,1642,1565431780225,-0.59139997,0.59459996,4.0673,8.817681,-0.32735440000000005,2.922487,-1
1642,1643,1565431780235,-1.0644,0.5791,3.7979,8.561876,-0.28248706,2.920227,-1
1643,1644,1565431780245,-1.181,0.4869,3.827,8.632217,-0.36546052,2.7229831,-1
1644,1645,1565431780255,-1.0301,0.2491,3.4382,8.954506,-0.5774335999999999,2.1663504000000002,-1
1645,1646,1565431780265,-0.7399,0.0288,3.0298998,9.169678,-0.69791937,2.1694052000000004,-1
1646,1647,1565431780275,-0.4876,-0.1796,3.1597,9.398468,-0.8212016,2.308968,-1
1647,1648,1565431780286,-0.30269998,-0.30159998,3.2498999,9.424028,-0.8406329,2.2790504,-1
1648,1649,1565431780296,-0.40129998,-0.37019998,3.2001998,9.084760000000001,-0.82539624,2.0272088,-1
1649,1650,1565431780306,-0.7441,-0.44619998,3.0096998,8.773686,-0.82138354,1.8580251,-1
1650,1651,1565431780316,-1.2426,-0.45069999,2.7962,7.918630599999999,-0.6737666999999999,1.5402186000000002,-1
1651,1652,1565431780326,-1.9948,-0.4766,2.5465999,7.3029284,-0.752603,1.2616006000000002,-1
1652,1653,1565431780336,-2.7166997999999998,-0.6568,2.2479,6.821981,-0.79324687,0.8463312,-1
1653,1654,1565431780347,-2.9273,-0.7675,2.0014,6.839612,-0.7695635000000001,0.76609665,-1
1654,1655,1565431780357,-2.8028998,-0.8253,2.0557,7.0531554000000005,-0.84228975,0.8303379000000001,-1
1655,1656,1565431780367,-2.6478,-0.9011,2.0858,7.1474009999999994,-0.89628375,0.40825927,-1
1656,1657,1565431780377,-2.5706,-0.9791,1.7727,7.219083,-0.8481985999999999,0.007690176,-1
1657,1658,1565431780387,-2.483,-0.9752,1.3334,7.217512599999999,-0.7524018,-0.7108002,-1
1658,1659,1565431780397,-2.4824,-0.91179997,0.79069996,7.1496325,-0.68864906,-1.2337034,-1
1659,1660,1565431780408,-2.5161,-0.8365,-0.0642,7.1551100000000005,-0.6048614999999999,-1.7228866999999999,-1
1660,1661,1565431780418,-2.5161,-0.8365,-0.0642,7.2284493,-0.40736863,-1.848975,-1
1661,1662,1565431780428,-2.4236,-0.6472,-0.1458,7.220979700000001,-0.34010112,-1.9213086,-1
1662,1663,1565431780438,-2.6513999,-0.5282,-0.4224,6.972346300000001,-0.16508499,-2.4154432,-1
1663,1664,1565431780448,-2.7466,-0.42769998,-0.9314,6.8700757,-0.071854785,-2.8536297999999998,-1
1664,1665,1565431780458,-2.8028998,-0.3888,-1.4527,6.796296000000001,-0.029735984,-3.284615,-1
1665,1666,1565431780468,-2.6148999,-0.2145,-1.8902999,6.9838576,0.19286731,-3.9179482000000005,-1
1666,1667,1565431780478,-2.6148999,-0.2145,-1.8902999,7.159936999999999,0.32178070000000003,-4.1118502999999995,-1
1667,1668,1565431780488,-2.095,-0.073199995,-1.9667,7.4857497,0.34365416,-4.0813284,-1
1668,1669,1565431780498,-2.095,-0.073199995,-1.9667,7.833512,0.28865454,-3.698486,-1
1669,1670,1565431780508,-0.8641,0.1681,-1.1051999,8.704915,0.580613,-3.2975627999999997,-1
1670,1671,1565431780518,-0.4468,0.4921,-1.4735999,9.089577,0.92382663,-3.8363156000000003,-1
1671,1672,1565431780529,-0.727,0.5154,-2.1332,8.82815,0.9302431000000001,-4.359343,-1
1672,1673,1565431780539,-1.1938,0.3663,-2.5307,8.418885000000001,0.81064796,-4.703658,-1
1673,1674,1565431780549,-1.3276,0.3538,-2.4789999,8.223355,0.78966516,-4.7398489999999995,-1
1674,1675,1565431780559,-1.0107,0.4131,-1.9185,8.5928,0.9180231,-4.0180545,-1
1675,1676,1565431780569,-0.5962,0.5948,-1.0843999,8.940188000000001,1.0522038,-3.3614782999999995,-1
1676,1677,1565431780580,-0.3491,0.61399996,-0.6353,9.2104845,1.0783962999999999,-2.8827338,-1
1677,1678,1565431780589,-0.2798,0.6267,-0.4946,9.25426,1.0784538000000001,-2.778969,-1
1678,1679,1565431780599,-0.2408,0.4955,-0.7004,9.309806,0.8956516999999999,-3.0753615,-1
1679,1680,1565431780609,-0.154,0.3672,-0.9892,9.384591,0.7983321999999999,-3.2735060000000002,-1
1680,1681,1565431780619,-0.0084999995,0.3486,-0.7682,9.563103,0.77767503,-2.9978373,-1
1681,1682,1565431780630,0.1568,0.311,-0.7718,9.699907000000001,0.7236044,-3.049131,-1
1682,1683,1565431780640,0.25349998,0.28219998,-0.8147,9.793999000000001,0.67452323,-3.0480389999999997,-1
1683,1684,1565431780650,0.2139,0.1837,-0.61869997,9.752187,0.57684934,-2.8992633999999997,-1
1684,1685,1565431780660,0.2925,0.1575,-0.5979,9.868191,0.56490713,-2.8839693,-1
1685,1686,1565431780670,0.4105,0.19739999,-0.6453,9.989892999999999,0.6126188,-2.8423578999999997,-1
1686,1687,1565431780680,0.4111,0.2039,-0.3099,9.902285000000001,0.6120729,-2.5310542999999996,-1
1687,1688,1565431780691,0.2057,0.16759999,0.1616,9.601457,0.5558953000000001,-1.9980474999999998,s
1688,1689,1565431780701,-0.069,0.1015,0.4538,9.457422,0.5088157,-1.8001619999999998,-1
1689,1690,1565431780711,-0.1679,0.127,0.371,9.32669,0.54564816,-1.9227929,-1
1690,1691,1565431780721,-0.24759999,0.1373,0.1989,9.300239,0.5503599,-2.1103737000000002,-1
1691,1692,1565431780731,-0.1706,0.1015,-0.0614,9.416269999999999,0.53433794,-2.3609414,-1
1692,1693,1565431780742,-0.0738,0.1449,-0.1248,9.499963000000001,0.54325396,-2.3678272000000002,-1
1693,1694,1565431780752,0.033099998,0.098299995,-0.098799996,9.646507000000001,0.4833223,-2.3459156,-1
1694,1695,1565431780763,0.1987,0.0495,-0.06399999599999999,9.851211,0.416141,-2.2456942000000004,-1
1695,1696,1565431780773,0.31559998,0.0067999995999999995,0.0497,9.921064,0.440083,-2.0957599,-1
1696,1697,1565431780783,0.2757,0.048,0.3786,9.659914,0.46169785,-1.7374052,-1
1697,1698,1565431780794,0.0002,0.036399997999999996,0.5492,9.429066,0.48898217,-1.6603596999999999,-1
1698,1699,1565431780805,-0.3543,0.0831,0.5207,9.114065,0.5376994,-1.7542793999999997,-1
1699,1700,1565431780815,-0.6702,0.0341,0.26459998,8.845455000000001,0.5130965999999999,-1.9325613000000001,-1
1700,1701,1565431780825,-0.6823,0.079799995,0.3029,9.051067999999999,0.5922871999999999,-1.9888153999999998,-1
1701,1702,1565431780835,-0.4102,0.1426,0.1361,9.46539,0.65056205,-2.3231992999999997,-1
1702,1703,1565431780846,-0.0106,0.2481,-0.16749999,9.732813,0.7521145,-2.558875,-1
1703,1704,1565431780856,0.2225,0.3524,-0.45009997,9.821044,0.69672227,-2.669918,-1
1704,1705,1565431780866,0.2505,0.2653,-0.486,9.775372500000001,0.6478421999999999,-2.5350478,-1
1705,1706,1565431780876,0.16139999,0.21100000000000002,-0.2649,9.689296,0.5708352,-2.1484704,-1
1706,1707,1565431780886,0.1317,0.1219,0.1237,9.73219,0.5577532,-1.8153125,-1
1707,1708,1565431780896,0.1312,0.1273,0.51089996,9.583950999999999,0.66406536,-1.4671477,-1
1708,1709,1565431780907,-0.0363,0.1997,0.6702,9.321585,0.6443466999999999,-1.5503318000000001,-1
1709,1710,1565431780917,-0.41099998,0.1161,0.48139998,8.9242525,0.5755469,-1.8581591,-1
1710,1711,1565431780927,-0.6691,0.084699996,0.1899,8.876091,0.6735846999999999,-2.121732,-1
1711,1712,1565431780937,-0.7018,0.1672,-0.0127,8.957407,0.6839085,-2.394489,-1
1712,1713,1565431780947,-0.5873,0.1665,-0.36089998,9.115769,0.67120963,-2.599902,-1
1713,1714,1565431780957,-0.3647,0.1677,-0.5506,9.45883,0.6497959,-2.4780755,-1
1714,1715,1565431780968,-0.1011,0.14819999,-0.3304,9.622727000000001,0.6990303000000001,-2.2172606,-1
1715,1716,1565431780978,0.057999999999999996,0.16239999,0.46089998,9.658698,0.6830944999999999,-1.7005535,-1
1716,1717,1565431780988,-0.175,0.1061,0.8886,9.412697999999999,0.64699954,-1.1888839,-1
1717,1718,1565431780998,-0.38889998,0.1943,1.0097,9.128028,0.75589734,-1.0463715,-1
1718,1719,1565431781008,-0.7313,0.22469999,1.0281,8.848806,0.7969053,-1.0616465,-1
1719,1720,1565431781018,-0.7313,0.22469999,1.0281,8.565678,0.73864955,-1.2296811,-1
1720,1721,1565431781029,-1.0645,0.1505,0.79929996,8.425914,0.68333393,-1.5593818000000002,-1
1721,1722,1565431781039,-1.1053,0.0749,0.51559997,8.522994,0.64857966,-1.5952469999999999,-1
1722,1723,1565431781049,-0.8135,0.0189,0.30179998,8.765928,0.60774416,-1.7703686,-1
1723,1724,1565431781059,-0.3267,0.15789999,0.23249999,9.31967,0.711461,-1.8146900000000001,-1
1724,1725,1565431781069,-0.045599997,0.1427,0.3904,9.545739,0.68822765,-1.6621888999999999,-1
1725,1726,1565431781079,-0.0382,0.086799994,0.6005,9.559646,0.6081847,-1.420499,-1
1726,1727,1565431781089,-0.1669,0.0367,0.8347,9.432523,0.5413960999999999,-1.199859,-1
1727,1728,1565431781100,-0.3533,-0.055499997,0.95589995,9.198667,0.42092937,-1.1107850000000001,-1
1728,1729,1565431781110,-0.5387,-0.1011,0.86509997,9.054248,0.37172374,-1.1816918,-1
1729,1730,1565431781120,-0.6252,-0.0779,0.82729995,8.951029,0.38245934,-1.2474462,-1
1730,1731,1565431781130,-0.62299997,0.0142,0.78139997,8.959044,0.46212882,-1.2962592,-1
1731,1732,1565431781140,-0.631,0.10789999,0.64599997,8.940197999999999,0.5536544,-1.4885901000000001,-1
1732,1733,1565431781150,-0.69879997,0.1927,0.49609998,8.860567,0.6375472,-1.5928911000000001,-1
1733,1734,1565431781160,-0.7974,0.2983,0.62439996,8.745425,0.7106374,-1.4055784,-1
1734,1735,1565431781170,-1.0336,0.39609998,0.97709996,8.417639999999999,0.82530046,-0.9605729,-1
1735,1736,1565431781180,-1.3094,0.45859998,1.1912999,8.216852000000001,0.794128,-0.90020066,-1
1736,1737,1565431781191,-1.5855,0.4789,1.2479,7.937209599999999,0.8144212,-0.8707041,-1
1737,1738,1565431781201,-1.7246,0.5571,1.2255,7.840129400000001,0.851857,-0.8490126,-1
1738,1739,1565431781211,-1.8152,0.6155,1.1717,7.7500215,0.83458996,-1.047674,-1
1739,1740,1565431781221,-1.8082999,0.69299996,0.92859995,7.8036613,0.9057457,-1.150299,-1
1740,1741,1565431781231,-1.7816999,0.8578,0.8217,7.7778415999999995,0.9313349,-1.234163,-1
1741,1742,1565431781242,-1.892,0.9126,0.9597,7.659003299999999,0.9271306999999999,-1.0268731,-1
1742,1743,1565431781252,-2.0506,0.946,1.3536,7.3886023000000005,0.9029396000000001,-0.39624038,-1
1743,1744,1565431781262,-2.4343,1.0005,2.0881998999999998,6.929806,0.8690281999999999,0.44050439999999996,-1
1744,1745,1565431781272,-2.8576999,1.0701,2.6773,6.5777149999999995,0.7811035,0.85017145,-1
1745,1746,1565431781282,-3.2812,1.0725,3.1578999,6.096968700000001,0.54741025,1.4877857,-1
1746,1747,1565431781293,-3.6541997999999998,0.9544,3.6093998,5.8640323,0.32960495,1.7719103999999999,-1
1747,1748,1565431781303,-3.8277997999999998,0.8778,3.7675,5.658332,-0.060286,1.6040386,-1
1748,1749,1565431781313,-4.0548997,0.6878,2.6406999,5.5295334,-0.36954984,0.06947015,-1
1749,1750,1565431781323,-3.6578,0.7359,1.5072,6.21665,-0.5851141,-0.06537128,-1
1750,1751,1565431781333,-3.2233999,0.77089995,1.6873,6.304019,-0.8575264000000001,0.08874827,-1
1751,1752,1565431781344,-3.0693998,-0.20359999,-0.5401,7.714654400000001,-3.0629213,-5.7102474999999995,-1
1752,1753,1565431781353,0.61359996,0.6181,-2.5154,11.5821705,-1.4363582000000001,-4.0402629999999995,-1
1753,1754,1565431781363,6.4202,-0.1248,-4.995,16.49109,-2.1308298,-4.011983,-1
1754,1755,1565431781373,4.9224,0.6482,-0.6451,11.504427,-2.1356184,-0.5453895999999999,-1
1755,1756,1565431781385,-0.46679997,0.54469997,2.0469,7.471010700000001,-2.371476,1.3332926,-1
1756,1757,1565431781395,-1.6445,0.7811,3.3186,8.995169,-1.4979850000000001,2.725157,-1
1757,1758,1565431781405,-0.4561,1.6852,4.3231997,7.582915299999999,-1.6374423999999999,3.0498776000000003,-1
1758,1759,1565431781415,-1.7337999,1.6669999,4.211,7.4065204,-1.7275889,1.8723041,-1
